# This is CartPole simulation from 11.02.2022 at time 21:55:22
# Done with git-revision: 3b31c7399b8bada4a1c8a63c80884127a6e6ebe4
#
#
# Time intervals dt:
# Simulation: 0.002 s
# Controller update: 0.02 s
# Saving: 0.02 s
#
# Units:
# time: s
# deltaTimeMs: ms
# angle_raw
# angle: rad
# angleD: rad/s
# angle_cos:
# angle_sin:
# position_raw
# position: m
# positionD: m/s
# angleTarget: rad
# angleErr: rad
# target_position: m
# positionErr: m
# angleCmd:
# positionCmd:
# actualMotorSave:
# Q: normed motor power
# stickControl
# stickPos
# measurement
# angle_squared
# position_squared
# Q_squared
# sent
# latency
# pythonLatency
# additionalLatency
# invalid_steps
# frozen
#
#
time,deltaTimeMs,angle_raw,angleD_raw,angle,angleD,angle_cos,angle_sin,position_raw,position,positionD,angleTarget,angleErr,target_position,positionErr,angleCmd,positionCmd,actualMotorSave,Q,stickControl,stickPos,measurement,angle_squared,position_squared,Q_squared,sent,latency,pythonLatency,additionalLatency,invalid_steps,frozen
4065.374562740326,39.99999999996362,1872,-90.0,-2.2598212554676786,-3.4514567727458316,-0.6357848598673543,-0.7718663174173678,392,-0.033991416309012874,0.0,NA,NA,0.0,NA,NA,NA,-2399,0.63654125,False,0.0," Step Response (State:idle, Speed:-0.5, Q:0.0)",5.106792106663515,0.0011554163826926263,0.4051847596006297,4004.940002,0.02826,0.026694059371948242,0.0,1,0
4065.4151084423065,39.99999999996362,1746,-126.0,-2.4531028347412693,-4.8320394818441645,-0.7722064216166888,-0.6353717356114832,392,-0.033991416309012874,0.0,NA,NA,0.0,NA,NA,NA,-1624,0.3770238,False,0.0," Step Response (State:idle, Speed:-0.5, Q:0.0)",6.017713517815651,0.0011554163826926263,0.14214693544079982,4004.980002,0.02526,0.023575305938720703,0.0,1,0
4065.4349977970123,20.000000000436557,1673,-73.0,-2.5650834322569214,-5.599029875660375,-0.8383705799300344,-0.5451006977685663,384,-0.03331158798283262,0.03399141630827088,NA,NA,0.0,NA,NA,NA,-1013,0.23536481,False,0.0," Step Response (State:idle, Speed:-0.5, Q:0.0)",6.579653014438948,0.0011096618939379986,0.055396593613249445,4005.000002,0.01525,0.013282060623168945,0.0,1,0
4065.4555339813232,19.99999999998181,1590,-83.0,-2.6924038376514297,-6.366020269731202,-0.9007996431667169,-0.43423496274564943,369,-0.032036909871244634,0.06373390557945713,NA,NA,0.0,NA,NA,NA,-711,0.07261726,False,0.0," Step Response (State:idle, Speed:-0.5, Q:0.0)",7.249038425000146,0.001026363594098252,0.005273266827786394,4005.020002,0.01335,0.01160287857055664,0.0,1,0
4065.4756214618683,19.99999999998181,1501,-89.0,-2.8289281277732514,-6.826214506097312,-0.951517353596878,-0.30759506791233493,352,-0.03059227467811159,0.0722317596567179,NA,NA,0.0,NA,NA,NA,-434,0.008363356,False,0.0," Step Response (State:idle, Speed:-0.5, Q:0.0)",8.002834352106673,0.0009358872699810276,6.994572161677596e-05,4005.040002,0.01519,0.013367652893066406,0.0,1,0
4065.4962255954742,19.99999999998181,1408,-93.0,-2.9715883410466164,-7.133010663674718,-0.9855840372942106,-0.1691865994422845,337,-0.029317596566523607,0.06373390557945713,NA,NA,0.0,NA,NA,NA,-419,0.0048964885,False,0.0," Step Response (State:idle, Speed:-0.5, Q:0.0)",8.830337268644183,0.0008595214684374368,2.3975599692787697e-05,4005.060002,0.01377,0.012027978897094727,0.0,2,0
4065.516257762909,19.99999999998181,1315,-93.0,-3.114248554319981,-7.133010663674718,-0.9996261734109365,-0.027340691867768014,322,-0.028042918454935624,0.06373390557945713,NA,NA,0.0,NA,NA,NA,-1015,0.14326108,False,0.0," Step Response (State:idle, Speed:-0.5, Q:0.0)",9.69854405808409,0.000786405275470169,0.0205237356158392,4005.080002,0.01513,0.013391494750976562,0.0,2,0
4065.536656141281,19.99999999998181,1219,-96.0,3.021674597222584,-7.363107781857774,-0.9928184421737746,0.11963085254080338,308,-0.026853218884120175,0.05948497854082657,NA,NA,0.0,NA,NA,NA,-1976,0.36625123,False,0.0," Step Response (State:idle, Speed:-0.5, Q:0.0)",9.130517371500265,0.0007210953644384684,0.13413996365221692,4005.100002,0.01368,0.011873006820678711,0.0,2,0
4065.5567173957825,19.99999999998181,1122,-97.0,2.8728784607976765,-7.439806821252126,-0.9641130647740636,0.2654919929714686,287,-0.025068669527897,0.08922746781123994,NA,NA,0.0,NA,NA,NA,-1835,0.33346096,False,0.0," Step Response (State:idle, Speed:-0.5, Q:0.0)",8.253430650515227,0.0006284381918989115,0.11119620971791111,4005.120002,0.01499,0.013263702392578125,0.0,2,0
4065.5771112442017,19.99999999998181,1022,-100.0,2.7194803820091127,-7.669903939435182,-0.9122256031763598,0.4096882337943408,258,-0.022604291845493563,0.12321888412028387,NA,NA,0.0,NA,NA,NA,-2163,0.40973192,False,0.0," Step Response (State:idle, Speed:-0.5, Q:0.0)",7.39557354813243,0.0005109540098362468,0.16788024998220763,4005.140002,0.01349,0.011762619018554688,0.0,1,0
4065.5973496437073,19.99999999998181,928,-94.0,2.5752861879478623,-7.2097097030690716,-0.8438883774606111,0.5365187847474655,221,-0.019460085836909873,0.15721030042932746,NA,NA,0.0,NA,NA,NA,-2235,0.42637646,False,0.0," Step Response (State:idle, Speed:-0.5, Q:0.0)",6.632098949835033,0.0003786949407799002,0.18179688733290789,4005.160002,0.01432,0.012557744979858398,0.0,1,0
4065.6176912784576,19.99999999998181,833,-95.0,2.429558013098726,-7.286408742463423,-0.7570340598033314,0.6533754145188554,180,-0.015975965665236052,0.1742060085838495,NA,NA,0.0,NA,NA,NA,-3576,0.7376097,False,0.0," Step Response (State:idle, Speed:-0.5, Q:0.0)",5.902752139012231,0.0002552314789368012,0.544068046619973,4005.180002,0.01383,0.012076854705810547,0.0,2,0
4065.63778591156,19.99999999998181,745,-88.0,2.29456770376479,-6.7495154667029595,-0.6622153187606279,0.7493136003028105,127,-0.011472103004291846,0.22519313304741514,NA,NA,0.0,NA,NA,NA,-3374,0.6908259,False,0.0," Step Response (State:idle, Speed:-0.5, Q:0.0)",5.26504094716042,0.000131609147341082,0.47724039588894485,4005.200002,0.01391,0.012134790420532227,0.0,2,0
4065.6581468582153,19.99999999998181,660,-85.0,2.1641793367945104,-6.519418348519904,-0.5591689144720222,0.8290537528340248,61,-0.005863519313304722,0.28042918454961124,NA,NA,0.0,NA,NA,NA,-2945,0.59122604,False,0.0," Step Response (State:idle, Speed:-0.5, Q:0.0)",4.683672201808327,3.438085873749748e-05,0.34954823193135454,4005.220002,0.01315,0.011395454406738281,0.0,1,0
4065.678416967392,19.99999999998181,582,-78.0,2.04452883533943,-5.982525072759442,-0.456210909189728,0.8898716797023499,-10,0.0001699570815450644,0.3016738197427637,NA,NA,0.0,NA,NA,NA,-2054,0.38431808,False,0.0," Step Response (State:idle, Speed:-0.5, Q:0.0)",4.180098158534407,2.8885409567315667e-08,0.14770038932410134,4005.240002,0.01449,0.012631654739379883,0.0,0,0
4065.698760509491,19.99999999998181,510,-72.0,1.934082218611664,-5.522330836393331,-0.3553475816896742,0.9347342382663109,-80,0.006118454935622318,0.2974248927041332,NA,NA,0.0,NA,NA,NA,-111,-0.06673454,False,0.0," Step Response (State:idle, Speed:-0.5, Q:0.0)",3.740674028349816,3.74354907992411e-05,0.004453498492971386,4005.260002,0.01374,0.01198720932006836,0.0,2,0
4065.719058275223,19.99999999998181,450,-60.0,1.8420433713385256,-4.6019423636611085,-0.2679330942152636,0.9634375210797194,-135,0.010792274678111589,0.23369098712467606,NA,NA,0.0,NA,NA,NA,1434,-0.42547083,False,0.0," Step Response (State:idle, Speed:-0.5, Q:0.0)",3.3931237818922013,0.0001164731927278086,0.18102542633846497,4005.280002,0.01366,0.011887311935424805,0.0,1,0
4065.7393276691437,19.99999999998181,403,-47.0,1.7699462743079,-3.6048548515345358,-0.19783615108532232,0.9802351030868797,-163,0.01317167381974249,0.11896995708165323,NA,NA,0.0,NA,NA,NA,3242,-0.8451822,False,0.0," Step Response (State:idle, Speed:-0.5, Q:0.0)",3.132709813936416,0.00017349299121368968,0.7143329180735805,4005.300002,0.01458,0.012741804122924805,0.0,0,0
4065.759490251541,19.99999999998181,369,-34.0,1.717790927519788,-2.607767339407962,-0.14646581017241778,0.9892157330181002,-154,0.0124068669527897,-0.038240343347674226,NA,NA,0.0,NA,NA,NA,3230,-0.8426033,False,0.0," Step Response (State:idle, Speed:-0.5, Q:0.0)",2.950805670669294,0.0001539303475842252,0.7099803647230516,4005.320002,0.01414,0.01237034797668457,0.0,0,0
4065.779885530472,19.99999999998181,344,-25.0,1.6794414078226474,-1.9174759848587954,-0.10843147050874163,0.9941039262588756,-117,0.00926266094420601,-0.15721030042932754,NA,NA,0.0,NA,NA,NA,2430,-0.48478004,False,0.0," Step Response (State:idle, Speed:-0.5, Q:0.0)",2.820523442309316,8.579688776731936e-05,0.23501169044358594,4005.340002,0.01356,0.011814117431640625,0.0,0,0
4065.8000276088715,19.99999999998181,334,-10.0,1.6641015999437911,-0.7669903939435182,-0.09316994807659147,0.9956502200950921,-64,0.004758798283261803,-0.22519313304741514,NA,NA,0.0,NA,NA,NA,1925,-0.36752626,False,0.0," Step Response (State:idle, Speed:-0.5, Q:0.0)",2.7692341349354854,2.264616110077548e-05,0.13507555399370208,4005.360002,0.01448,0.012705087661743164,0.0,1,0
4065.82048368454,19.99999999998181,332,-2.0,1.6610336383680195,-0.15339807878870362,-0.09011489777478442,0.9959313757478676,-8,0.0,-0.23793991416330654,NA,NA,0.0,NA,NA,NA,-422,0.17768952,False,0.0," Step Response (State:idle, Speed:-0.5, Q:0.0)",2.759032747790101,0.0,0.03157356640798614,4005.380002,0.01291,0.011234760284423828,0.0,1,0
4065.840640068054,19.99999999998181,344,12.0,1.6794414078226474,0.9203884727322218,-0.10843147050874163,0.9941039262588756,36,-0.0037390557939914167,-0.18695278969974086,NA,NA,0.0,NA,NA,NA,-2904,0.7538837,False,0.0," Step Response (State:idle, Speed:-0.5, Q:0.0)",2.820523442309316,1.3980538230580783e-05,0.5683406624431342,4005.400002,0.01434,0.012533187866210938,0.0,1,0
4065.8609716892242,19.99999999998181,360,16.0,1.7039851004288176,1.227184630309629,-0.13279534460692463,0.991143479245426,47,-0.004673819742489271,-0.04673819742493521,NA,NA,0.0,NA,NA,NA,-3949,0.9964418,False,0.0," Step Response (State:idle, Speed:-0.5, Q:0.0)",2.9035652224834076,2.1844590985282473e-05,0.9928962239604324,4005.420002,0.0137,0.012098073959350586,0.0,1,0
4065.8812074661255,19.99999999998181,383,23.0,1.7392666585501875,1.7640779060700917,-0.16767453400095067,0.9858424065983183,21,-0.0024643776824034335,0.11047210300439234,NA,NA,0.0,NA,NA,NA,-3952,0.9969777,False,0.0," Step Response (State:idle, Speed:-0.5, Q:0.0)",3.0250485095443342,6.073157361528118e-06,0.9939645081406212,4005.440002,0.01351,0.011671304702758789,0.0,2,0
4065.9015197753906,19.99999999998181,413,30.0,1.7852860821867562,2.3009711818305543,-0.21284890361253442,0.9770851263994054,-33,0.0021244635193133046,0.2294420600860456,NA,NA,0.0,NA,NA,NA,-4687,0.9955365,False,0.0," Step Response (State:idle, Speed:-0.5, Q:0.0)",3.1872463952497374,4.513345244893072e-06,0.9910929351291067,4005.460002,0.01407,0.012453556060791016,0.0,0,0
4065.921799182892,19.99999999998181,452,39.0,1.8451113329142963,2.991262536379721,-0.27088761792959254,0.9626109798108637,-110,0.008667811158798285,0.3271673819745466,NA,NA,0.0,NA,NA,NA,-4687,0.9955598,False,0.0," Step Response (State:idle, Speed:-0.5, Q:0.0)",3.404435830848771,7.513095028458806e-05,0.9911393384573017,4005.480002,0.01348,0.01168203353881836,0.0,2,0
4065.942085504532,20.000000000436557,497,45.0,1.9141404683691503,3.451456772667355,-0.3366379265973628,0.9416341680165544,-203,0.01657081545064378,0.3951502145836494,NA,NA,0.0,NA,NA,NA,-4668,0.9912478,False,0.0," Step Response (State:idle, Speed:-0.5, Q:0.0)",3.66393373264847,0.0002745919246992946,0.9825721478154179,4005.500002,0.01333,0.01149439811706543,0.0,1,0
4065.9623522758484,19.99999999998181,552,55.0,1.9985094117028606,4.21844716668935,-0.4147909866374481,0.9099167200377913,-307,0.025408583690987127,0.44188841201756934,NA,NA,0.0,NA,NA,NA,-4612,0.978189,False,0.0," Step Response (State:idle, Speed:-0.5, Q:0.0)",3.9940398686649137,0.000645596125181897,0.9568537031830147,4005.520002,0.01425,0.012447834014892578,0.0,1,0
4065.9826769828796,19.99999999998181,613,61.0,2.0920822397638847,4.678641403055461,-0.4979956666605473,0.8671795177397337,-415,0.0345862660944206,0.458884120172091,NA,NA,0.0,NA,NA,NA,-4475,0.9463085,False,0.0," Step Response (State:idle, Speed:-0.5, Q:0.0)",4.376808097935473,0.0011962098023540681,0.8954997650863703,4005.540002,0.01367,0.011992931365966797,0.0,1,0
4066.0028734207153,19.99999999998181,685,72.0,2.202528856491651,5.522330836393331,-0.5905438046902064,0.8070055853226887,-527,0.04410386266094421,0.47587982832661324,NA,NA,0.0,NA,NA,NA,-4358,0.91919476,False,0.0," Step Response (State:idle, Speed:-0.5, Q:0.0)",4.85113336367842,0.0019451507016154288,0.8449190030214062,4005.560002,0.01366,0.011807918548583984,0.0,1,0
4066.023152589798,19.99999999998181,759,74.0,2.316043434795189,5.6757289151820345,-0.678153435856182,0.7349203476816077,-638,0.05353648068669528,0.4716309012879825,NA,NA,0.0,NA,NA,NA,-4001,0.8362629,False,0.0," Step Response (State:idle, Speed:-0.5, Q:0.0)",5.364057191857896,0.0028661547643168968,0.6993356074025634,4005.580002,0.01367,0.011891841888427734,0.0,2,0
4066.0433900356293,19.99999999998181,842,83.0,2.443363840189697,6.366020269731202,-0.765982016729304,0.6428619992248013,-750,0.06305407725321889,0.47587982832661324,NA,NA,0.0,NA,NA,NA,-3793,0.788166,False,0.0," Step Response (State:idle, Speed:-0.5, Q:0.0)",5.970026855546544,0.003975816658254896,0.6212056223353137,4005.600002,0.0152,0.01332998275756836,0.0,1,0
4066.063806772232,19.99999999998181,930,88.0,2.5783541495236335,6.7495154667029595,-0.8455304223953345,0.5339272467330799,-860,0.07240171673819742,0.4673819742493518,NA,NA,0.0,NA,NA,NA,-3240,0.659626,False,0.0," Step Response (State:idle, Speed:-0.5, Q:0.0)",6.647910120365739,0.0052420085866381775,0.4351064692164073,4005.620002,0.01394,0.012184619903564453,0.0,2,0
4066.0840380191803,19.99999999998181,1027,97.0,2.727150285948541,7.439806821252126,-0.9153410099554172,0.4026795692530189,-967,0.08149442060085837,0.454635193133461,NA,NA,0.0,NA,NA,NA,494,-0.20745073,False,0.0," Step Response (State:idle, Speed:-0.5, Q:0.0)",7.437348682149208,0.00664134058906961,0.04303580645161653,4005.640002,0.01452,0.01276540756225586,0.0,2,0
4066.104608297348,19.99999999998181,1124,97.0,2.875946422373448,7.439806821252126,-0.9649230454297408,0.26253288631825594,-1051,0.08863261802575108,0.35690987124495976,NA,NA,0.0,NA,NA,NA,3740,-0.96085715,False,0.0," Step Response (State:idle, Speed:-0.5, Q:0.0)",8.271067824362635,0.007855740978098696,0.9232464683537387,4005.660002,0.01377,0.012066841125488281,0.0,1,0
4066.124494791031,19.99999999998181,1232,108.0,3.041616347465097,8.283496254589997,-0.9950065304392532,0.0998098411141883,-1084,0.09143690987124464,0.14021459227480576,NA,NA,0.0,NA,NA,NA,3822,-0.9800236,False,0.0," Step Response (State:idle, Speed:-0.5, Q:0.0)",9.251430005166918,0.008360708486802116,0.9604463006831452,4005.680002,0.01492,0.012955188751220703,0.0,1,0
4066.144792318344,19.99999999998181,1358,126.0,-3.048287380440898,9.664078963688329,-0.995650220095092,-0.0931699480765921,-1066,0.08990729613733905,-0.07648068669534897,NA,NA,0.0,NA,NA,NA,3848,-0.98584443,False,0.0," Step Response (State:idle, Speed:-0.5, Q:0.0)",9.292055953755233,0.008083321898727182,0.971889246683677,4005.700002,0.01412,0.012466192245483398,0.0,2,0
4066.165103197098,19.99999999998181,1488,130.0,-2.848869878015765,9.970875121265735,-0.9574617407692865,-0.2885602449455707,-1016,0.08565836909871245,-0.21244635193152328,NA,NA,0.0,NA,NA,NA,4478,-0.9600744,False,0.0," Step Response (State:idle, Speed:-0.5, Q:0.0)",8.11605958186556,0.007337356196651257,0.921742901046855,4005.720002,0.01356,0.011725425720214844,0.0,1,0
4066.185390472412,19.99999999998181,1616,128.0,-2.652520337166403,9.817477042477032,-0.8827690707882854,-0.46980716007696943,-944,0.07953991416309013,-0.3059227467813945,NA,NA,0.0,NA,NA,NA,4507,-0.9669499,False,0.0," Step Response (State:idle, Speed:-0.5, Q:0.0)",7.035864139081367,0.0063265979450717455,0.9349920706701518,4005.740002,0.01431,0.012578725814819336,0.0,1,0
4066.205738544464,19.99999999998181,1742,126.0,-2.459238757892812,9.664078963688329,-0.7760904527280736,-0.6306216053897407,-855,0.07197682403433477,-0.37815450643811205,NA,NA,0.0,NA,NA,NA,4597,-0.98779184,False,0.0," Step Response (State:idle, Speed:-0.5, Q:0.0)",6.047855268322182,0.0051806631980695905,0.9757327117853585,4005.760002,0.01346,0.011715412139892578,0.0,2,0
4066.225842475891,19.99999999998181,1865,123.0,-2.2705591209828784,9.433981845505274,-0.6440362441033233,-0.7649949779451396,-755,0.06347896995708155,-0.4248927038630473,NA,NA,0.0,NA,NA,NA,4547,-0.9761347,False,0.0," Step Response (State:idle, Speed:-0.5, Q:0.0)",5.155438721878541,0.004029579626812062,0.9528389866393958,4005.780002,0.0145,0.012707948684692383,0.0,2,0
4066.2462372779846,19.99999999998181,1975,110.0,-2.101821234315458,8.4368943333787,-0.5064173729903527,-0.8622884925206586,-648,0.054386266094420606,-0.4546351931334606,NA,NA,0.0,NA,NA,NA,3878,-0.8209507,False,0.0," Step Response (State:idle, Speed:-0.5, Q:0.0)",4.417652501019355,0.0029578659396931246,0.6739600303734825,4005.800002,0.0135,0.01178598403930664,0.0,0,0
4066.266448020935,19.99999999998181,2081,106.0,-1.9392192707995797,8.130098175801292,-0.36014465045666266,-0.932896473756573,-540,0.045208583690987125,-0.4588841201720914,NA,NA,0.0,NA,NA,NA,4513,-0.968322,False,0.0," Step Response (State:idle, Speed:-0.5, Q:0.0)",3.7605713802404535,0.0020438160393449873,0.9376474551033063,4005.820002,0.01387,0.01192164421081543,0.0,1,0
4066.286755800247,19.99999999998181,2175,94.0,-1.7950250767383293,7.2097097030690716,-0.22235448584125816,-0.9749658879295571,-431,0.03594592274678112,-0.4631330472107214,NA,NA,0.0,NA,NA,NA,3680,-0.7749652,False,0.0," Step Response (State:idle, Speed:-0.5, Q:0.0)",3.2221150261194453,0.0012921093621175565,0.6005711025170548,4005.840002,0.0142,0.012346029281616211,0.0,3,0
4066.307262659073,19.99999999998181,2258,83.0,-1.6677046713438215,6.366020269731202,-0.09675673437581336,-0.9953080600261048,-321,0.026598283261802576,-0.4673819742493523,NA,NA,0.0,NA,NA,NA,3983,-0.84518045,False,0.0," Step Response (State:idle, Speed:-0.5, Q:0.0)",2.7812388708220035,0.0007074686724750871,0.7143299962231175,4005.860002,0.01397,0.012243270874023438,0.0,1,0
4066.3274042606354,19.99999999998181,2331,73.0,-1.5557240738281695,5.599029875787682,0.015071682305533823,-0.9998864157455492,-214,0.017505579399141633,-0.4546351931334606,NA,NA,0.0,NA,NA,NA,4095,-0.8712409,False,0.0," Step Response (State:idle, Speed:-0.5, Q:0.0)",2.4202773938885156,0.00030644531009965193,0.7590607299974614,4005.880002,0.01482,0.01289987564086914,0.0,2,0
4066.3476045131683,19.99999999998181,2393,62.0,-1.46061726497926,4.755340442449812,0.10995627865986883,-0.9939364249202628,-105,0.008242918454935622,-0.46313304721072174,NA,NA,0.0,NA,NA,NA,4085,-0.8688675,False,0.0," Step Response (State:idle, Speed:-0.5, Q:0.0)",2.1334027947554937,6.794570465471827e-05,0.75493076125953,4005.900002,0.01379,0.011957168579101562,0.0,1,0
4066.3678262233734,19.99999999998181,2443,50.0,-1.3839182255849778,3.834951969717591,0.1857922617904582,-0.9825890470887542,5,-0.0011047210300429186,-0.46738197424935213,NA,NA,0.0,NA,NA,NA,4007,-0.85088223,False,0.0," Step Response (State:idle, Speed:-0.5, Q:0.0)",1.9152296551062735,1.220408554219087e-06,0.724000573055239,4005.920002,0.01496,0.013156414031982422,0.0,3,0
4066.3882327079773,19.99999999998181,2484,41.0,-1.3210250132816665,3.144660615168424,0.24718237560944012,-0.9689689743165535,116,-0.010537339055793992,-0.47163090128798263,NA,NA,0.0,NA,NA,NA,3391,-0.70768297,False,0.0," Step Response (State:idle, Speed:-0.5, Q:0.0)",1.7451070857158273,0.00011103551437676142,0.5008151820451445,4005.940002,0.01411,0.012416839599609375,0.0,1,0
4066.4086124897003,19.99999999998181,2516,32.0,-1.2719376280693258,2.454369260619258,0.29442968767784616,-0.9556731444452784,226,-0.019884978540772532,-0.4673819742493521,NA,NA,0.0,NA,NA,NA,1768,-0.33113196,False,0.0," Step Response (State:idle, Speed:-0.5, Q:0.0)",1.6178253296986225,0.0003954123715669841,0.10964837819307238,4005.960002,0.01489,0.012971162796020508,0.0,3,0
4066.4287765026093,19.99999999998181,2538,22.0,-1.2381900507358417,1.6873788666757399,0.3265075725554201,-0.945194585820278,327,-0.028467811158798286,-0.429141630901678,NA,NA,0.0,NA,NA,NA,416,-0.01720117,False,0.0," Step Response (State:idle, Speed:-0.5, Q:0.0)",1.533114601741226,0.0008104162721730002,0.00029588026055926697,4005.980002,0.01372,0.011899232864379883,0.0,3,0
4066.449047088623,20.000000000436557,2552,14.0,-1.2167143197054426,1.0737865514965104,0.346729466068245,-0.9379651791831239,408,-0.035351072961373395,-0.3441630901212431,NA,NA,0.0,NA,NA,NA,-3590,0.91302127,False,0.0," Step Response (State:idle, Speed:-0.5, Q:0.0)",1.480393735776278,0.0012496983595203452,0.8336078330089869,4006.000002,0.01389,0.012079000473022461,0.0,2,0
4066.4694089889526,19.99999999998181,2560,8.0,-1.2044424734023575,0.6135923151548145,0.3582136335841535,-0.9336396482125413,448,-0.03875021459227468,-0.16995708154521877,NA,NA,0.0,NA,NA,NA,-3937,0.9935179,False,0.0," Step Response (State:idle, Speed:-0.5, Q:0.0)",1.4506816717355888,0.0015015791309473375,0.987077769278585,4006.020002,0.01409,0.012364387512207031,0.0,1,0
4066.489756822586,19.99999999998181,2562,2.0,-1.2013745118265864,0.15339807878870362,0.36107631383548816,-0.9325362703868285,433,-0.037475536480686696,0.06373390557945713,NA,NA,0.0,NA,NA,NA,-3954,0.9974299,False,0.0," Step Response (State:idle, Speed:-0.5, Q:0.0)",1.4433007176665689,0.0014044158345152794,0.9948664200202337,4006.040002,0.0135,0.011620759963989258,0.0,0,0
4066.5100054740906,19.99999999998181,2557,-5.0,-1.2090444157660145,-0.3834951969717591,0.3539132998051396,-0.9352782346558897,384,-0.03331158798283262,0.20819742489289325,NA,NA,0.0,NA,NA,NA,-4669,0.9913595,False,0.0," Step Response (State:idle, Speed:-0.5, Q:0.0)",1.4617883992949834,0.0011096618939379986,0.9827936032689308,4006.060002,0.01464,0.012681007385253906,0.0,1,0
4066.5303535461426,19.99999999998181,2550,-7.0,-1.2197822812812142,-0.5368932757604628,0.3438501976784504,-0.9390245159507236,310,-0.02702317596566524,0.3144206008586549,NA,NA,0.0,NA,NA,NA,-4443,0.9388595,False,0.0," Step Response (State:idle, Speed:-0.5, Q:0.0)",1.4878688137276033,0.0007302520392713074,0.8814572026935288,4006.080002,0.01366,0.01176142692565918,0.0,1,0
4066.5506031513214,19.99999999998181,2529,-21.0,-1.2519958778268125,-1.6106798272813883,0.3134276782454471,-0.9496120736962376,218,-0.019205150214592275,0.3909012875540037,NA,NA,0.0,NA,NA,NA,-4216,0.88619643,False,0.0," Step Response (State:idle, Speed:-0.5, Q:0.0)",1.567493678095331,0.0003688377947650537,0.7853441205166725,4006.100002,0.01431,0.012308359146118164,0.0,1,0
4066.570809841156,19.99999999998181,2500,-29.0,-1.2964813206754964,-2.224272142436203,0.2708876179295931,-0.9626109798108635,116,-0.010537339055793992,0.4333905579403083,NA,NA,0.0,NA,NA,NA,-1290,0.20713942,False,0.0," Step Response (State:idle, Speed:-0.5, Q:0.0)",1.6808638148604793,0.00011103551437676142,0.042906738294297364,4006.120002,0.01428,0.012270450592041016,0.0,1,0
4066.5910046100616,19.99999999998181,2464,-36.0,-1.351704629039379,-2.7611654181966654,0.21734312333801267,-0.9760952651958094,21,-0.0024643776824034335,0.403648068669895,NA,NA,0.0,NA,NA,NA,1485,-0.43741506,False,0.0," Step Response (State:idle, Speed:-0.5, Q:0.0)",1.8271054041664854,6.073157361528118e-06,0.1913319376727749,4006.140002,0.01432,0.012505054473876953,0.0,3,0
4066.6114654541016,19.99999999998181,2413,-51.0,-1.429937649221547,-3.9116510091119423,0.1403933393640056,-0.9900958086277424,-43,0.002974248927038627,0.27193133047235035,NA,NA,0.0,NA,NA,NA,3834,-0.9826972,False,0.0," Step Response (State:idle, Speed:-0.5, Q:0.0)",2.044721680661244,8.846156679990423e-06,0.9656937649819817,4006.160002,0.01366,0.011884927749633789,0.0,1,0
4066.6316661834717,19.99999999998181,2354,-59.0,-1.5204425157067996,-4.525243324266757,0.050332535051420005,-0.9987325146981536,-58,0.004248927038626609,0.06373390557945709,NA,NA,0.0,NA,NA,NA,3908,-0.9999965,False,0.0," Step Response (State:idle, Speed:-0.5, Q:0.0)",2.3117454435688214,1.8053380979572286e-05,0.9999929666642835,4006.180002,0.01402,0.012009859085083008,0.0,2,0
4066.6517889499664,19.99999999998181,2279,-75.0,-1.6354910747982228,-5.752427954576386,-0.06464962843449666,-0.997908024591085,-26,0.0015296137339055795,-0.13596566523617515,NA,NA,0.0,NA,NA,NA,3908,-0.9999999,False,0.0," Step Response (State:idle, Speed:-0.5, Q:0.0)",2.674831055744646,2.339718174952569e-06,0.9999997615814351,4006.200002,0.01432,0.012449264526367188,0.0,1,0
4066.672307729721,19.99999999998181,2197,-82.0,-1.7612774994048452,-6.289321230336848,-0.1893313866360854,-0.9819132477130844,33,-0.00348412017167382,-0.25068669527919796,NA,NA,0.0,NA,NA,NA,4650,-1.0,False,0.0," Step Response (State:idle, Speed:-0.5, Q:0.0)",3.1020984299097845,1.2139093370664409e-05,1.0,4006.220002,0.01342,0.011595010757446289,0.0,1,0
4066.692420244217,19.99999999998181,2104,-93.0,-1.9039377126782102,-7.133010663674718,-0.32701330869349066,-0.9450197330941486,111,-0.010112446351931332,-0.33141630901317704,NA,NA,0.0,NA,NA,NA,4650,-0.9999998,False,0.0," Step Response (State:idle, Speed:-0.5, Q:0.0)",3.624978813758335,0.00010226157122068931,0.9999996423721633,4006.240002,0.01495,0.013176202774047852,0.0,1,0
4066.712681055069,19.99999999998181,2001,-103.0,-2.061937733830431,-7.900001057618237,-0.47163268231695366,-0.8817951082709155,205,-0.018100429184549356,-0.39939914163126444,NA,NA,0.0,NA,NA,NA,4649,-0.9998609,False,0.0," Step Response (State:idle, Speed:-0.5, Q:0.0)",4.251587218193773,0.0003276255366648861,0.9997217848717952,4006.260002,0.01418,0.012429952621459961,0.0,1,0
4066.732939720154,19.99999999998181,1888,-113.0,-2.2352775628615085,-8.666991451561755,-0.6166508256694475,-0.7872367872509444,309,-0.026938197424892705,-0.44188841201756934,NA,NA,0.0,NA,NA,NA,4564,-0.9802031,False,0.0," Step Response (State:idle, Speed:-0.5, Q:0.0)",4.996465783032085,0.000725666480502496,0.9607981017589431,4006.280002,0.01519,0.013518095016479492,0.0,1,0
4066.7533509731293,19.99999999998181,1767,-121.0,-2.420889238195671,-9.28058376671657,-0.7513417218560514,-0.659913340521605,419,-0.03628583690987125,-0.4673819742493523,NA,NA,0.0,NA,NA,NA,4599,-0.9883325,False,0.0," Step Response (State:idle, Speed:-0.5, Q:0.0)",5.860704703611616,0.0013166619602497747,0.976801150312042,4006.300002,0.0135,0.01165771484375,0.0,1,0
4066.773525238037,19.99999999998181,1642,-125.0,-2.6126368366813764,-9.587379924293977,-0.8633344694188155,-0.5046321372181247,532,-0.04588841201716738,-0.4801287553652433,NA,NA,0.0,NA,NA,NA,4539,-0.97430086,False,0.0," Step Response (State:idle, Speed:-0.5, Q:0.0)",6.825871240384469,0.002105746357457312,0.9492621684441929,4006.320002,0.01492,0.013240814208984375,0.0,1,0
4066.7939727306366,19.99999999998181,1513,-129.0,-2.810520358318624,-9.894176081871384,-0.9456943299001688,-0.3250572786366593,645,-0.05549098712446352,-0.48012875536524363,NA,NA,0.0,NA,NA,NA,2939,-0.6028632,False,0.0," Step Response (State:idle, Speed:-0.5, Q:0.0)",7.899024684523447,0.003079249652047376,0.36344402894157213,4006.340002,0.01418,0.012507438659667969,0.0,2,0
4066.8140778541565,19.99999999998181,1376,-137.0,-3.0206757262589568,-10.507768397026199,-0.992698451119804,-0.12062249020950434,754,-0.06475364806866953,-0.4631330472107214,NA,NA,0.0,NA,NA,NA,-665,0.2339041,False,0.0," Step Response (State:idle, Speed:-0.5, Q:0.0)",9.124481843210075,0.004193034938201109,0.05471112495790553,4006.360002,0.01485,0.012999296188354492,0.0,1,0
4066.8344464302063,19.99999999998181,1233,-143.0,3.043150328252983,-10.96796263339231,-0.9951584660846786,0.09828340338017168,837,-0.0718068669527897,-0.3526609442063297,NA,NA,0.0,NA,NA,NA,-2668,0.6989894,False,0.0," Step Response (State:idle, Speed:-0.5, Q:0.0)",9.260763920346237,0.005156226141575643,0.48858616918755615,4006.380002,0.01401,0.012234210968017578,0.0,1,0
4066.854709625244,19.99999999998181,1082,-151.0,2.811519229282251,-11.581554948547124,-0.9460185483433164,0.32411249002530623,875,-0.07503605150214593,-0.16145922746795802,NA,NA,0.0,NA,NA,NA,-3036,0.78431994,False,0.0," Step Response (State:idle, Speed:-0.5, Q:0.0)",7.904640376623863,0.005630409025032696,0.615157763935148,4006.400002,0.01576,0.013910770416259766,0.0,1,0
4066.8750290870667,19.99999999998181,918,-164.0,2.5599463800690057,-12.578642460673697,-0.8355593195296297,0.5494002398499496,866,-0.07427124463519313,0.03824034334767448,NA,NA,0.0,NA,NA,NA,-3151,0.8110037,False,0.0," Step Response (State:idle, Speed:-0.5, Q:0.0)",6.553325468828406,0.005516217779660705,0.6577269770796192,4006.420002,0.01502,0.013260602951049805,0.0,2,0
4066.89533495903,19.99999999998181,752,-166.0,2.3053055692799895,-12.732040539462403,-0.670223015882407,0.7421597597428001,831,-0.07129699570815451,0.1487124463520665,NA,NA,0.0,NA,NA,NA,-1091,0.16079102,False,0.0," Step Response (State:idle, Speed:-0.5, Q:0.0)",5.314433767753337,0.005083261597008603,0.025853753580886485,4006.440002,0.01499,0.013148784637451172,0.0,1,0
4066.915264606476,19.99999999998181,596,-156.0,2.0660045663698288,-11.965050145518884,-0.47521488528014644,0.8798697703684206,791,-0.06789785407725323,0.16995708154521877,NA,NA,0.0,NA,NA,NA,1403,-0.41839668,False,0.0," Step Response (State:idle, Speed:-0.5, Q:0.0)",4.268374868260985,0.0046101185882959726,0.17505578312967973,4006.460002,0.01608,0.014223814010620117,0.0,1,0
4066.935872554779,19.99999999998181,446,-150.0,1.8359074481869824,-11.504855909152772,-0.2620165089544701,0.9650633912004496,770,-0.06611330472103005,0.08922746781123977,NA,NA,0.0,NA,NA,NA,3484,-0.9014173,False,0.0," Step Response (State:idle, Speed:-0.5, Q:0.0)",3.3705561583084376,0.004370969061135775,0.812553175793088,4006.480002,0.01458,0.012992620468139648,0.0,1,0
4066.9559412002563,20.000000000436557,311,-135.0,1.6288200418224212,-10.354370318002063,-0.05799116193626144,0.9983170964865233,785,-0.06738798283261803,-0.06373390557800764,NA,NA,0.0,NA,NA,NA,3658,-0.94182765,False,0.0," Step Response (State:idle, Speed:-0.5, Q:0.0)",2.653054728642394,0.004541140230249222,0.8870393314187055,4006.500002,0.01632,0.014453887939453125,0.0,1,0
4066.976373195648,19.99999999998181,185,-126.0,1.4355384625488306,-9.664078963688329,0.1348458245544915,0.9908665922313756,830,-0.07121201716738197,-0.19120171673837102,NA,NA,0.0,NA,NA,NA,4273,-0.9124415,False,0.0," Step Response (State:idle, Speed:-0.5, Q:0.0)",2.06077067745706,0.005071151389047505,0.8325494764704331,4006.520002,0.01437,0.012664556503295898,0.0,2,0
4066.996703147888,19.99999999998181,78,-107.0,1.2714025182450666,-8.206797215195644,0.2949410355879451,0.9555154554094405,898,-0.07699055793991416,-0.28892703862687225,NA,NA,0.0,NA,NA,NA,4222,-0.9008188,False,0.0," Step Response (State:idle, Speed:-0.5, Q:0.0)",1.6164643633998967,0.00592754601189928,0.8114745550565203,4006.540002,0.01611,0.01429438591003418,0.0,3,0
4067.016860485077,19.99999999998181,2,-76.0,1.154819978365758,-5.829126993970737,0.404083210454023,0.9147222305318538,983,-0.0842137339055794,-0.3611587982835905,NA,NA,0.0,NA,NA,NA,1779,-0.33359045,False,0.0," Step Response (State:idle, Speed:-0.5, Q:0.0)",1.3336091824326899,0.007091952978319734,0.11128258693191029,4006.560002,0.01653,0.014743328094482422,0.0,1,0
4067.0371527671814,19.99999999998181,4094,-4.0,1.1486840552142157,-0.30679615757740725,0.4096882337943411,0.9122256031763597,1069,-0.09152188841201717,-0.36540772532222054,NA,NA,0.0,NA,NA,NA,-1478,0.42275247,False,0.0," Step Response (State:idle, Speed:-0.5, Q:0.0)",1.3194750587033752,0.008376256058501723,0.1787196507034503,4006.580002,0.01566,0.013812780380249023,0.0,0,0
4067.0574753284454,19.99999999998181,4071,-23.0,1.1134024970928462,-1.7640779060700917,0.44161133653027407,0.8972064575380323,1129,-0.0966206008583691,-0.2549356223178285,NA,NA,0.0,NA,NA,NA,-2584,0.67945707,False,0.0," Step Response (State:idle, Speed:-0.5, Q:0.0)",1.2396651205325855,0.009335540510232275,0.461661907857561,4006.600002,0.01647,0.014623165130615234,0.0,2,0
4067.077756881714,19.99999999998181,4006,-65.0,1.0136937458802793,-4.985437560632867,0.5287291185643801,0.8487906215210755,1146,-0.09806523605150215,-0.07223175965671824,NA,NA,0.0,NA,NA,NA,-3829,0.96861875,False,0.0," Step Response (State:idle, Speed:-0.5, Q:0.0)",1.0275750104367922,0.009616790521836838,0.9382222839600587,4006.620002,0.0155,0.013630867004394531,0.0,0,0
4067.0981233119965,19.99999999998181,3953,-53.0,0.9323927641223405,-4.065049087900646,0.5959141852886212,0.8030481204584187,1124,-0.09619570815450644,0.0934763948498705,NA,NA,0.0,NA,NA,NA,-3820,0.96650237,False,0.0," Step Response (State:idle, Speed:-0.5, Q:0.0)",0.8693562665876985,0.009253614267346976,0.9341268282197781,4006.640002,0.01573,0.013871192932128906,0.0,0,0
4067.1181585788727,19.99999999998181,3913,-40.0,0.8710335326069149,-3.067961575774073,0.6440362441033233,0.7649949779451396,1072,-0.09177682403433476,0.22094420600878475,NA,NA,0.0,NA,NA,NA,-4562,0.9666663,False,0.0," Step Response (State:idle, Speed:-0.5, Q:0.0)",0.7586994149256814,0.008422985429829248,0.9344436992540786,4006.660002,0.01587,0.013942956924438477,0.0,1,0
4067.13850069046,19.99999999998181,3886,-27.0,0.8296160513340025,-2.070874063647499,0.6751590380859043,0.7376721990768775,997,-0.08540343347639485,0.3186695278972853,NA,NA,0.0,NA,NA,NA,-4461,0.94316745,False,0.0," Step Response (State:idle, Speed:-0.5, Q:0.0)",0.6882627926310223,0.007293746449557001,0.889564835049498,4006.680002,0.01581,0.014037132263183594,0.0,1,0
4067.1588060855865,19.99999999998181,3867,-19.0,0.8004704163641754,-1.4572817484926843,0.6963691762278571,0.7176837537521215,905,-0.0775854077253219,0.39090128755400355,NA,NA,0.0,NA,NA,NA,-4098,0.85900086,False,0.0," Step Response (State:idle, Speed:-0.5, Q:0.0)",0.6407528874742363,0.006019495491904439,0.7378824803064141,4006.700002,0.01704,0.015270471572875977,0.0,1,0
4067.179144859314,19.99999999998181,3858,-9.0,0.7866645892732046,-0.6902913545491663,0.7062107160602528,0.7080017122307438,803,-0.0689175965665236,0.43339055794030873,NA,NA,0.0,NA,NA,NA,-4242,0.8924095,False,0.0," Step Response (State:idle, Speed:-0.5, Q:0.0)",0.6188411760163797,0.004749635116506106,0.7963947218655996,4006.720002,0.01663,0.01473855972290039,0.0,0,0
4067.1994075775146,19.99999999998181,3856,-2.0,0.7835966276974333,-0.15339807878870362,0.7083795111393735,0.7058317562974497,697,-0.0599098712446352,0.4503862660948299,NA,NA,0.0,NA,NA,NA,-3254,0.6630723,False,0.0," Step Response (State:idle, Speed:-0.5, Q:0.0)",0.61402367493879,0.0035891926725487673,0.4396648591617556,4006.740002,0.01622,0.014328956604003906,0.0,0,0
4067.2197029590607,19.99999999998181,3862,6.0,0.7928005124247471,0.4601942363661109,0.7018532050054472,0.7123216117903357,592,-0.050987124463519315,0.4461373390561999,NA,NA,0.0,NA,NA,NA,-2241,0.42786446,False,0.0," Step Response (State:idle, Speed:-0.5, Q:0.0)",0.6285326525009416,0.00259968686105841,0.18306799795997453,4006.760002,0.01727,0.015487909317016602,0.0,1,0
4067.2400312423706,19.99999999998181,3873,11.0,0.8096743010914892,0.8436894333378699,0.6897342959187966,0.7240625670709693,492,-0.0424892703862661,0.4248927038630473,NA,NA,0.0,NA,NA,NA,-1548,0.2669919,False,0.0," Step Response (State:idle, Speed:-0.5, Q:0.0)",0.6555724738479914,0.0018053380979572292,0.07128468177754499,4006.780002,0.01581,0.013942956924438477,0.0,0,0
4067.2601866722107,19.99999999998181,3892,19.0,0.8388199360613163,1.4572817484926843,0.6683410873925041,0.7438549528658158,403,-0.03492618025751073,0.3781545064381124,NA,NA,0.0,NA,NA,NA,-1247,0.19699049,False,0.0," Step Response (State:idle, Speed:-0.5, Q:0.0)",0.7036188851339108,0.0012198380673801323,0.038805253134569284,4006.800002,0.01673,0.014761686325073242,0.0,1,0
4067.2805726528168,19.99999999998181,3915,23.0,0.874101494182686,1.7640779060700917,0.641686241629897,0.766967253083792,327,-0.028467811158798286,0.32291845493591587,NA,NA,0.0,NA,NA,NA,-276,-0.028265605,False,0.0," Step Response (State:idle, Speed:-0.5, Q:0.0)",0.7640534221324042,0.0008104162721730002,0.0007989444118448909,4006.820002,0.01587,0.014015674591064453,0.0,0,0
4067.3008036613464,19.99999999998181,3943,28.0,0.917052956243484,2.147573103041851,0.6081621952441347,0.7938127891863641,267,-0.023369098712446353,0.2549356223178285,NA,NA,0.0,NA,NA,NA,443,-0.19554855,False,0.0," Step Response (State:idle, Speed:-0.5, Q:0.0)",0.8409861245549135,0.0005461147746320618,0.038239235131172444,4006.840002,0.0167,0.01485443115234375,0.0,1,0
4067.321119785309,19.99999999998181,3979,36.0,0.9722762646073672,2.7611654181966654,0.5634204101120666,0.8261703465201052,227,-0.019969957081545066,0.16995708154521894,NA,NA,0.0,NA,NA,NA,878,-0.29655346,False,0.0," Step Response (State:idle, Speed:-0.5, Q:0.0)",0.945321134718855,0.0003987991858387519,0.08794395626531415,4006.860002,0.01634,0.014366865158081055,0.0,1,0
4067.3414158821106,19.99999999998181,4018,39.0,1.0321015153349071,2.991262536379721,0.5130160825096983,0.8583789950170043,208,-0.018355364806866954,0.08072961373397901,NA,NA,0.0,NA,NA,NA,739,-0.26414335,False,0.0," Step Response (State:idle, Speed:-0.5, Q:0.0)",1.0652335379566116,0.00033691941719316996,0.06977170815538614,4006.880002,0.01614,0.01429891586303711,0.0,0,0
4067.3615374565125,19.99999999998181,4064,46.0,1.1026646315776465,3.5281558121401835,0.45121977463736396,0.8924128612790195,202,-0.01784549356223176,0.025493562231782816,NA,NA,0.0,NA,NA,NA,327,-0.16868486,False,0.0," Step Response (State:idle, Speed:-0.5, Q:0.0)",1.215869289732267,0.00031846164047965523,0.02845458034128634,4006.900002,0.01663,0.014655351638793945,0.0,1,0
4067.3818576335907,19.99999999998181,4093,29.0,1.1471500744263303,2.224272142436203,0.41108708777704084,0.9115960762656844,203,-0.017930472103004292,-0.004248927038630382,NA,NA,0.0,NA,NA,NA,-704,0.07100666,False,0.0," Step Response (State:idle, Speed:-0.5, Q:0.0)",1.3159532932563351,0.00032150182983661514,0.005041946210793624,4006.920002,0.01581,0.013966083526611328,0.0,0,0
4067.4022240638733,19.99999999998181,4093,29.0,1.1471500744263303,2.224272142436203,0.41108708777704084,0.9115960762656844,202,-0.01784549356223176,0.004248927038630382,NA,NA,0.0,NA,NA,NA,-293,0.147535,False,0.0," Step Response (State:idle, Speed:-0.5, Q:0.0)",1.3159532932563351,0.00031846164047965523,0.021766575124723353,4006.940002,0.01663,0.014806985855102539,0.0,1,1
4067.4225466251373,19.99999999998181,2,2.5,1.154819978365758,0.19174759848587955,0.404083210454023,0.9147222305318538,201,-0.017760515021459228,0.004248927038630556,NA,NA,0.0,NA,NA,NA,-1748,0.31344977,False,0.0," Step Response (State:idle, Speed:-0.5, Q:0.0)",1.3336091824326899,0.00031543589382747886,0.09825075844606435,4006.960002,0.01613,0.014391660690307617,0.0,0,0
4067.442789554596,19.99999999998181,73,71.0,1.2637326143056384,5.445631796998979,0.3022610002204017,0.9532252030584181,194,-0.017165665236051505,0.0297424892704132,NA,NA,0.0,NA,NA,NA,-2566,0.5032156,False,0.0," Step Response (State:idle, Speed:-0.5, Q:0.0)",1.5970201204597636,0.0002946600629961872,0.2532259511349686,4006.980002,0.01576,0.013912677764892578,0.0,1,0
4067.4631786346436,20.000000000436557,165,92.0,1.404858846791118,7.056311624119925,0.16517700616040729,0.9862639386269199,172,-0.015296137339055795,0.09347639484774509,NA,NA,0.0,NA,NA,NA,-3975,0.8303338,False,0.0," Step Response (State:idle, Speed:-0.5, Q:0.0)",1.9736283794072702,0.0002339718174952569,0.6894542674590554,4007.000002,0.01652,0.014680862426757812,0.0,1,0
4067.483274936676,19.99999999998181,269,104.0,1.5643928487312246,7.976700097012589,0.0064034343018255745,0.9999794978044011,129,-0.01164206008583691,0.18270386266111044,NA,NA,0.0,NA,NA,NA,-4547,0.96317166,False,0.0," Step Response (State:idle, Speed:-0.5, Q:0.0)",2.4473249851613965,0.0001355375630422369,0.927699648361088,4007.020002,0.01657,0.014724254608154297,0.0,2,0
4067.5034725666046,19.99999999998181,386,117.0,1.743868600913844,8.973787609139162,-0.1722095324306177,0.9850603417760904,63,-0.006033476394849786,0.28042918454961124,NA,NA,0.0,NA,NA,NA,-4543,0.9622978,False,0.0," Step Response (State:idle, Speed:-0.5, Q:0.0)",3.0410776972532076,3.640283740720957e-05,0.9260170505018692,4007.040002,0.01624,0.0146026611328125,0.0,2,0
4067.5239510536194,19.99999999998181,505,119.0,1.9264123146722358,9.127185687927865,-0.3481678781245734,0.937432199490839,-21,0.0011047210300429186,0.3569098712449599,NA,NA,0.0,NA,NA,NA,-4302,0.9063276,False,0.0," Step Response (State:idle, Speed:-0.5, Q:0.0)",3.7110644061208413,1.220408554219087e-06,0.8214297280336638,4007.060002,0.01636,0.014641523361206055,0.0,1,0
4067.5440719127655,19.99999999998181,637,132.0,2.1288977786731405,10.12427320005444,-0.5295766869615096,0.8482620660072401,-116,0.009177682403433477,0.403648068669895,NA,NA,0.0,NA,NA,NA,-4182,0.87842673,False,0.0," Step Response (State:idle, Speed:-0.5, Q:0.0)",4.532205752039432,8.422985429829249e-05,0.7716335210901981,4007.080002,0.01652,0.014660835266113281,0.0,1,0
4067.5644998550415,19.99999999998181,772,135.0,2.335985185037702,10.354370318237494,-0.6926732252164982,0.7212515532518279,-215,0.017590557939914164,0.4206437768244169,NA,NA,0.0,NA,NA,NA,-3951,0.8246564,False,0.0," Step Response (State:idle, Speed:-0.5, Q:0.0)",5.456826784715627,0.0003094277286374772,0.6800582224383369,4007.100002,0.01614,0.014452695846557617,0.0,1,0
4067.5846898555756,19.99999999998181,915,143.0,2.555344437705349,10.96796263339231,-0.8330221725461053,0.5532396045535486,-316,0.026173390557939914,0.42914163090167784,NA,NA,0.0,NA,NA,NA,-4032,0.8435522,False,0.0," Step Response (State:idle, Speed:-0.5, Q:0.0)",6.529785195311667,0.0006850463732984583,0.7115802671963287,4007.120002,0.01563,0.01378488540649414,0.0,1,0
4067.6049375534058,19.99999999998181,1062,147.0,2.780839613524538,11.274758790969717,-0.9356312817322089,0.35297890113170205,-417,0.03475622317596567,0.429141630901678,NA,NA,0.0,NA,NA,NA,-4502,0.9526022,False,0.0," Step Response (State:idle, Speed:-0.5, Q:0.0)",7.733068956147303,0.001207995049457533,0.9074509660399919,4007.140002,0.01596,0.014229297637939453,0.0,2,0
4067.6251723766327,19.99999999998181,1210,148.0,3.007868770131613,11.351457830364069,-0.9910722772520427,0.13332569618213158,-521,0.043593991416309014,0.4418884120175692,NA,NA,0.0,NA,NA,NA,-4480,0.94762266,False,0.0," Step Response (State:idle, Speed:-0.5, Q:0.0)",9.047274538333061,0.001900436087605224,0.8979886997227737,4007.160002,0.0154,0.013586044311523438,0.0,1,0
4067.645591020584,19.99999999998181,1358,148.0,-3.048287380440898,11.351457830364069,-0.995650220095092,-0.0931699480765921,-631,0.052941630901287555,0.46738197424935213,NA,NA,0.0,NA,NA,NA,-3586,0.73994833,False,0.0," Step Response (State:idle, Speed:-0.5, Q:0.0)",9.292055953755233,0.0028028162824881653,0.5475235344879401,4007.180002,0.01635,0.014556884765625,0.0,2,0
4067.6659228801727,19.99999999998181,1499,141.0,-2.831996089349023,10.814564554603605,-0.9524565639438771,-0.3046744062113246,-742,0.062374248927038634,0.47163090128798285,NA,NA,0.0,NA,NA,NA,-898,0.11593382,False,0.0," Step Response (State:idle, Speed:-0.5, Q:0.0)",8.02020185008816,0.0038905469292121802,0.013440650760136785,4007.200002,0.01571,0.013951301574707031,0.0,3,0
4067.686182975769,19.99999999998181,1639,140.0,-2.617238779045033,10.737865515209254,-0.8656476074543321,-0.5006537922642658,-840,0.07070214592274679,0.4163948497857865,NA,NA,0.0,NA,NA,NA,3134,-0.8201453,False,0.0," Step Response (State:idle, Speed:-0.5, Q:0.0)",6.849938826537135,0.004998793438081381,0.6726383278278014,4007.220002,0.01704,0.015275001525878906,0.0,1,0
4067.706535577774,19.99999999998181,1778,139.0,-2.404015449528929,10.661166475814902,-0.740100051763374,-0.6724967757393719,-897,0.07554592274678112,0.242188841201937,NA,NA,0.0,NA,NA,NA,3908,-0.99999994,False,0.0," Step Response (State:idle, Speed:-0.5, Q:0.0)",5.779290281573778,0.005707186443662622,0.999999880790714,4007.240002,0.01557,0.013710498809814453,0.0,1,0
4067.7266097068787,19.99999999998181,1920,142.0,-2.186190177649168,10.891263593997959,-0.57728016444842,-0.8165461479514831,-899,0.07571587982832619,0.008497854077260765,NA,NA,0.0,NA,NA,NA,3908,-1.0,False,0.0," Step Response (State:idle, Speed:-0.5, Q:0.0)",4.779427492849702,0.005732894458177532,1.0,4007.260002,0.01557,0.013725757598876953,0.0,1,0
4067.7468180656433,19.99999999998181,2055,135.0,-1.9791027712846065,10.354370318237494,-0.3970555620721985,-0.9177945743070889,-863,0.07265665236051502,-0.15296137339069724,NA,NA,0.0,NA,NA,NA,2686,-0.71626115,False,0.0," Step Response (State:idle, Speed:-0.5, Q:0.0)",3.91684777930641,0.005278989132236733,0.513030032782865,4007.280002,0.01679,0.014951705932617188,0.0,2,0
4067.7672448158264,19.99999999998181,2188,133.0,-1.7750833264958161,10.200972239448792,-0.20286903744548587,-0.9792058790907774,-809,0.06806781115879829,-0.2294420600860455,NA,NA,0.0,NA,NA,NA,3336,-0.6950199,False,0.0," Step Response (State:idle, Speed:-0.5, Q:0.0)",3.150920816003452,0.0046332269159498245,0.48305266250637047,4007.300002,0.01523,0.013516426086425781,0.0,1,0
4067.7875475883484,19.99999999998181,2305,117.0,-1.5956075743131963,8.973787609139162,-0.024808701970913588,-0.9996922167880063,-747,0.06279914163090129,-0.2634334763950893,NA,NA,0.0,NA,NA,NA,882,-0.12529385,False,0.0," Step Response (State:idle, Speed:-0.5, Q:0.0)",2.5459635312056426,0.003943732189578,0.01569854907303636,4007.320002,0.01581,0.013999700546264648,0.0,1,0
4067.807872533798,19.99999999998181,2413,108.0,-1.429937649221547,8.283496254589997,0.1403933393640056,-0.9900958086277424,-689,0.05787038626609443,-0.2464377682405674,NA,NA,0.0,NA,NA,NA,209,0.030830404,False,0.0," Step Response (State:idle, Speed:-0.5, Q:0.0)",2.044721680661244,0.0033489816065869703,0.0009505137978469171,4007.340002,0.01606,0.014286994934082031,0.0,1,0
4067.8278868198395,19.99999999998181,2511,98.0,-1.2796075320087539,7.516505860646477,0.28709117810104,-0.9579032599676007,-646,0.05421630901287554,-0.1827038626611106,NA,NA,0.0,NA,NA,NA,-459,0.18629476,False,0.0," Step Response (State:idle, Speed:-0.5, Q:0.0)",1.637395435973534,0.002939408162979609,0.0347057391982597,4007.360002,0.01581,0.013926029205322266,0.0,1,0
4067.848262310028,19.99999999998181,2602,91.0,-1.140015280311161,6.9796125848860155,0.41758061970705507,-0.9086398769837651,-619,0.05192188841201717,-0.11472103004302275,NA,NA,0.0,NA,NA,NA,-4,0.08045445,False,0.0," Step Response (State:idle, Speed:-0.5, Q:0.0)",1.2996348393429349,0.0026958824962699628,0.006472917941567291,4007.380002,0.01499,0.013310432434082031,0.0,1,0
4067.868644475937,19.99999999998181,2684,82.0,-1.014228855704538,6.289321230336848,0.5282748466869281,-0.8490734281308671,-606,0.050817167381974254,-0.055236051502196015,NA,NA,0.0,NA,NA,NA,705,-0.08436805,False,0.0," Step Response (State:idle, Speed:-0.5, Q:0.0)",1.0286601717437367,0.002582384500727588,0.00711796787740937,4007.400002,0.01468,0.01294255256652832,0.0,0,0
4067.8888232707977,19.99999999998181,2757,73.0,-0.9022482581888863,5.599029875787682,0.619847277600788,-0.784722468424915,-597,0.05005236051502146,-0.03824034334767448,NA,NA,0.0,NA,NA,NA,799,-0.105975516,False,0.0," Step Response (State:idle, Speed:-0.5, Q:0.0)",0.8140519194048793,0.002505238793125679,0.011230810021237103,4007.420002,0.01628,0.01448202133178711,0.0,0,0
4067.9092514514923,19.99999999998181,2825,68.0,-0.7979375646126627,5.215534678815924,0.6981847271163385,-0.7159176536596119,-588,0.04928755364806867,-0.038240343347674136,NA,NA,0.0,NA,NA,NA,1390,-0.24338484,False,0.0," Step Response (State:idle, Speed:-0.5, Q:0.0)",0.6367043570199873,0.0024292629446112475,0.05923617941903103,4007.440002,0.01444,0.012717247009277344,0.0,1,0
4067.9295008182526,19.99999999998181,2883,58.0,-0.7089666789152956,4.448544284872406,0.7590350245786175,-0.6510497918461672,-574,0.04809785407725322,-0.059484978540826745,NA,NA,0.0,NA,NA,NA,3837,-0.8113467,False,0.0," Step Response (State:idle, Speed:-0.5, Q:0.0)",0.502633751812184,0.002313403566836744,0.6582834833868425,4007.460002,0.01566,0.013795852661132812,0.0,1,0
4067.9497575759888,19.99999999998181,2931,48.0,-0.6353356010967848,3.681553890928887,0.804872580115948,-0.5934476638908414,-541,0.04529356223175966,-0.1402145922748054,NA,NA,0.0,NA,NA,NA,3092,-0.6384101,False,0.0," Step Response (State:idle, Speed:-0.5, Q:0.0)",0.40365132602101284,0.0020515067796422854,0.4075674448015434,4007.480002,0.0147,0.01296854019165039,0.0,1,0
4067.9698407649994,20.000000000436557,2971,40.0,-0.5739763695813591,3.0679615757043153,0.8397485484970161,-0.5429754831455603,-488,0.040789699570815456,-0.22519313304229482,NA,NA,0.0,NA,NA,NA,2273,-0.44821012,False,0.0," Step Response (State:idle, Speed:-0.5, Q:0.0)",0.32944887283779695,0.0016637995910773827,0.20089231185069423,4007.500002,0.01568,0.013873577117919922,0.0,2,0
4067.990375995636,19.99999999998181,2999,28.0,-0.5310249075205612,2.147573103041851,0.8622884925206586,-0.5064173729903527,-429,0.035775965665236054,-0.2506866952791981,NA,NA,0.0,NA,NA,NA,2264,-0.44608918,False,0.0," Step Response (State:idle, Speed:-0.5, Q:0.0)",0.28198745240722056,0.001279919719280149,0.19899555501755462,4007.520002,0.01442,0.012800455093383789,0.0,2,0
4068.0104405879974,19.99999999998181,3027,28.0,-0.4880734454597633,2.147573103041851,0.8832379070525711,-0.46892515345777064,-368,0.03059227467811159,-0.2591845493564589,NA,NA,0.0,NA,NA,NA,-949,0.29997012,False,0.0," Step Response (State:idle, Speed:-0.5, Q:0.0)",0.2382156881629645,0.0009358872699810276,0.08998207300774741,4007.540002,0.01636,0.014633417129516602,0.0,2,0
4068.0309319496155,19.99999999998181,3048,21.0,-0.4558598489141648,1.6106798272813883,0.8978828249715778,-0.44023452002433766,-324,0.026853218884120175,-0.18695278969974083,NA,NA,0.0,NA,NA,NA,214,0.029776398,False,0.0," Step Response (State:idle, Speed:-0.5, Q:0.0)",0.20780820185204518,0.0007210953644384684,0.0008866338833635329,4007.560002,0.01404,0.01235055923461914,0.0,1,0
4068.0509054660797,19.99999999998181,3072,24.0,-0.4190443100049094,1.8407769454644436,0.9134782158565387,-0.4068876370148826,-299,0.024728755364806867,-0.10622317596576199,NA,NA,0.0,NA,NA,NA,-3470,0.88510853,False,0.0," Step Response (State:idle, Speed:-0.5, Q:0.0)",0.1755981337474906,0.0006115113418924644,0.7834171108017394,4007.580002,0.01578,0.013991594314575195,0.0,2,0
4068.071398496628,19.99999999998181,3099,27.0,-0.3776268287319971,2.070874063647499,0.9295422774595818,-0.36871554675013873,-302,0.024983690987124465,0.012746781115891495,NA,NA,0.0,NA,NA,NA,-3462,0.88323957,False,0.0," Step Response (State:idle, Speed:-0.5, Q:0.0)",0.14260202177818507,0.0006241848153401243,0.780112133208636,4007.600002,0.01367,0.012027978897094727,0.0,1,0
4068.0916464328766,19.99999999998181,3124,25.0,-0.3392773090348561,1.9174759848587954,0.9429954274238551,-0.33280568483380923,-338,0.028042918454935624,0.15296137339069707,NA,NA,0.0,NA,NA,NA,-3831,0.7969773,False,0.0," Step Response (State:idle, Speed:-0.5, Q:0.0)",0.11510909242593324,0.000786405275470169,0.6351727873393997,4007.620002,0.0156,0.013844966888427734,0.0,0,0
4068.111902475357,19.99999999998181,3153,29.0,-0.2947918661861725,2.224272142436203,0.9568626343902316,-0.2905407009487417,-397,0.033056652360515026,0.2506866952791981,NA,NA,0.0,NA,NA,NA,-4705,0.99971277,False,0.0," Step Response (State:idle, Speed:-0.5, Q:0.0)",0.08690224436952622,0.0010927422652839437,0.9994256129374754,4007.640002,0.01397,0.012238264083862305,0.0,0,0
4068.1323816776276,19.99999999998181,3184,31.0,-0.2472384617617176,2.377670221224906,0.969591941830067,-0.24472733059100688,-475,0.039684978540772534,0.33141630901317676,NA,NA,0.0,NA,NA,NA,-4083,0.85544723,False,0.0," Step Response (State:idle, Speed:-0.5, Q:0.0)",0.06112685697430029,0.0015748975217815765,0.7317899679738424,4007.660002,0.01424,0.01254725456237793,0.0,2,0
4068.1524589061737,19.99999999998181,3216,32.0,-0.19815107654937708,2.454369260619258,0.9804322268294786,-0.1968569241713122,-568,0.04758798283261803,0.3951502145926343,NA,NA,0.0,NA,NA,NA,-3557,0.7333612,False,0.0," Step Response (State:idle, Speed:-0.5, Q:0.0)",0.039263849137677095,0.0022646161100775483,0.5378186270735377,4007.680002,0.01485,0.012989044189453125,0.0,1,0
4068.172602891922,19.99999999998181,3244,28.0,-0.1551996144885791,2.147573103041851,0.9879806945857517,-0.15457731763054905,-665,0.05583090128755365,0.4121459227471558,NA,NA,0.0,NA,NA,NA,-2265,0.43329304,False,0.0," Step Response (State:idle, Speed:-0.5, Q:0.0)",0.024086920337403575,0.00311708953858056,0.18774286247023397,4007.700002,0.0136,0.011890649795532227,0.0,2,0
4068.193072795868,19.99999999998181,3273,29.0,-0.11071417163989553,2.224272142436203,0.9938774439349921,-0.11048812803757095,-757,0.06364892703862661,0.39090128755400355,NA,NA,0.0,NA,NA,NA,-3072,0.6206254,False,0.0," Step Response (State:idle, Speed:-0.5, Q:0.0)",0.012257627801908247,0.004051185913168414,0.3851758582056988,4007.720002,0.01367,0.012078046798706055,0.0,2,0
4068.213254928589,19.99999999998181,3299,26.0,-0.07083067115486885,1.9941750242531473,0.9974925565918472,-0.0707714599528681,-846,0.07121201716738197,0.37815450643811205,NA,NA,0.0,NA,NA,NA,-1286,0.20602548,False,0.0," Step Response (State:idle, Speed:-0.5, Q:0.0)",0.00501698397624917,0.005071151389047505,0.042446498913605524,4007.740002,0.01472,0.013034582138061523,0.0,0,0
4068.233724594116,19.99999999998181,3323,24.0,-0.034015132245613464,1.8407769454644436,0.9994215411668647,-0.03400857320807692,-926,0.07801030042918455,0.33991416309043826,NA,NA,0.0,NA,NA,NA,-771,0.086638995,False,0.0," Step Response (State:idle, Speed:-0.5, Q:0.0)",0.001157029221686573,0.006085606973051632,0.007506315370560179,4007.760002,0.01325,0.011540889739990234,0.0,1,0
4068.253714323044,19.99999999998181,3343,20.0,-0.003335516487900647,1.5339807878870364,0.999994437170037,-0.003335510302928,-990,0.08344892703862661,0.27193133047235,NA,NA,0.0,NA,NA,NA,537,-0.21737179,False,0.0," Step Response (State:idle, Speed:-0.5, Q:0.0)",1.1125670241057068e-05,0.006963723423898027,0.047250495783907276,4007.780002,0.01494,0.013068675994873047,0.0,2,0
4068.274240255356,19.99999999998181,3359,16.0,0.02120817611826961,1.227184630309629,0.9997751150622463,0.02120658629464479,-1034,0.08718798283261803,0.186952789699741,NA,NA,0.0,NA,NA,NA,1325,-0.40033293,False,0.0," Step Response (State:idle, Speed:-0.5, Q:0.0)",0.0004497867342635415,0.007601744350420896,0.16026645300394193,4007.800002,0.01329,0.01156473159790039,0.0,1,0
4068.2941694259644,19.99999999998181,3370,11.0,0.03808196478501166,0.8436894333378699,0.9992749696075112,0.038072760812787446,-1053,0.08880257510729614,0.08072961373397901,NA,NA,0.0,NA,NA,NA,2362,-0.64098215,False,0.0," Step Response (State:idle, Speed:-0.5, Q:0.0)",0.0014502360418868685,0.007885897345686971,0.41085811794096117,4007.820002,0.0153,0.013457059860229492,0.0,3,0
4068.3147740364075,19.99999999998181,3374,4.0,0.044217887936554234,0.30679615757740725,0.9990225484699824,0.04420348005012359,-1045,0.08812274678111588,-0.03399141630904375,NA,NA,0.0,NA,NA,NA,3032,-0.796515,False,0.0," Step Response (State:idle, Speed:-0.5, Q:0.0)",0.0019552216135696686,0.00776561850024867,0.6344361260219102,4007.840002,0.01327,0.011612176895141602,0.0,0,0
4068.33478474617,19.99999999998181,3371,-3.0,0.0396159455728973,-0.23009711818305545,0.9992153910515224,0.039605584022373734,-1014,0.08548841201716739,-0.1317167381975443,NA,NA,0.0,NA,NA,NA,2949,-0.60515773,False,0.0," Step Response (State:idle, Speed:-0.5, Q:0.0)",0.0015694231436347611,0.00730826858921697,0.36621588176559783,4007.860002,0.01534,0.013535022735595703,0.0,0,0
4068.3553895950317,19.99999999998181,3366,-5.0,0.03194604163346909,-0.3834951969717591,0.9994897686072266,0.03194060815752551,-964,0.08123948497854078,-0.21244635193152397,NA,NA,0.0,NA,NA,NA,1585,-0.28850013,False,0.0," Step Response (State:idle, Speed:-0.5, Q:0.0)",0.0010205495760473404,0.006599853919578552,0.08323232511188294,4007.880002,0.01319,0.01148676872253418,0.0,1,0
4068.3754065036774,19.99999999998181,3360,-6.0,0.022742156906155248,-0.4601942363661109,0.9997414082953414,0.02274019656131783,-910,0.07665064377682404,-0.2294420600860455,NA,NA,0.0,NA,NA,NA,1782,-0.3343702,False,0.0," Step Response (State:idle, Speed:-0.5, Q:0.0)",0.0005172057007441849,0.005875321191401574,0.11180342788322051,4007.900002,0.01517,0.013307809829711914,0.0,0,0
4068.3960194587708,19.99999999998181,3354,-6.0,0.013538272178841404,-0.4601942363661109,0.9999083589929191,0.013537858622682582,-857,0.07214678111587983,-0.22519313304741548,NA,NA,0.0,NA,NA,NA,1438,-0.25436708,False,0.0," Step Response (State:idle, Speed:-0.5, Q:0.0)",0.00018328481358839119,0.005205158025382674,0.06470261307218639,4007.920002,0.01346,0.01171565055847168,0.0,0,0
4068.4160647392273,19.99999999998181,3350,-4.0,0.007402349027298832,-0.30679615757740725,0.9999726027395416,0.007402281425813924,-807,0.06789785407725323,-0.21244635193152328,NA,NA,0.0,NA,NA,NA,892,-0.12777273,False,0.0," Step Response (State:idle, Speed:-0.5, Q:0.0)",5.479477112195197e-05,0.0046101185882959726,0.016325871443731765,4007.940002,0.01469,0.012947559356689453,0.0,2,0
4068.4361464977264,19.99999999998181,3346,-4.0,0.0012664258757562885,-0.30679615757740725,0.9999991980828578,0.0012664255372333974,-763,0.0641587982832618,-0.186952789699741,NA,NA,0.0,NA,NA,NA,1037,-0.16127868,False,0.0," Step Response (State:idle, Speed:-0.5, Q:0.0)",1.6038344987850822e-06,0.004116351397152278,0.026010812611874323,4007.960002,0.01451,0.012792825698852539,0.0,0,0
4068.456465244293,19.99999999998181,3344,-2.0,-0.0018015357000150112,-0.15339807878870362,0.9999983772349997,-0.0018015347255252122,-726,0.06101459227467811,-0.15721030042932763,NA,NA,0.0,NA,NA,NA,836,-0.11459757,False,0.0," Step Response (State:idle, Speed:-0.5, Q:0.0)",3.2455308784285763e-06,0.00372278047044521,0.013132602230715718,4007.980002,0.01376,0.012087583541870117,0.0,1,0
4068.476879119873,20.000000000436557,3344,0.0,-0.0018015357000150112,0.0,0.9999983772349997,-0.0018015347255252122,-693,0.058210300429184555,-0.14021459227161728,NA,NA,0.0,NA,NA,NA,1170,-0.19209248,False,0.0," Step Response (State:idle, Speed:-0.5, Q:0.0)",3.2455308784285763e-06,0.0033884390760559237,0.036899520209946246,4008.000002,0.01301,0.011208295822143555,0.0,3,0
4068.497090816498,19.99999999998181,3345,1.0,-0.0002675549121293752,0.07669903939435181,0.9999999642071847,-0.00026755490893719405,-664,0.05574592274678112,-0.12321888412028387,NA,NA,0.0,NA,NA,NA,1792,-0.336637,False,0.0," Step Response (State:idle, Speed:-0.5, Q:0.0)",7.158563100455769e-08,0.0031076079028900887,0.11332446324414125,4008.020002,0.01388,0.012070655822753906,0.0,0,0
4068.5173461437225,19.99999999998181,3345,0.0,-0.0002675549121293752,0.0,0.9999999642071847,-0.00026755490893719405,-633,0.05311158798283262,-0.13171673819754465,NA,NA,0.0,NA,NA,NA,2415,-0.48113617,False,0.0," Step Response (State:idle, Speed:-0.5, Q:0.0)",7.158563100455769e-08,0.0028208407780581706,0.2314920169785859,4008.040002,0.01309,0.011291742324829102,0.0,1,0
4068.537548303604,19.99999999998181,3343,-2.0,-0.003335516487900647,-0.15339807878870362,0.999994437170037,-0.003335510302928,-595,0.0498824034334764,-0.16145922746795802,NA,NA,0.0,NA,NA,NA,2061,-0.39895862,False,0.0," Step Response (State:idle, Speed:-0.5, Q:0.0)",1.1125670241057068e-05,0.002488254172300098,0.1591679831926207,4008.060002,0.01396,0.012262105941772461,0.0,1,0
4068.557930469513,19.99999999998181,3341,-2.0,-0.006403478063671919,-0.15339807878870362,0.9999794978044011,-0.006403434301825513,-551,0.04614334763948498,-0.186952789699741,NA,NA,0.0,NA,NA,NA,1361,-0.23665029,False,0.0," Step Response (State:idle, Speed:-0.5, Q:0.0)",4.100453131192747e-05,0.002129208531378364,0.056003358860184704,4008.080002,0.01299,0.011293649673461914,0.0,1,0
4068.5781354904175,19.99999999998181,3337,-4.0,-0.01253940121521449,-0.30679615757740725,0.9999213827387158,-0.012539072609031632,-507,0.04240429184549357,-0.18695278969974066,NA,NA,0.0,NA,NA,NA,1176,-0.19366215,False,0.0," Step Response (State:idle, Speed:-0.5, Q:0.0)",0.00015723658283612265,0.0017981239669177924,0.03750502899886521,4008.100002,0.01413,0.012510538101196289,0.0,2,0
4068.5986547470093,19.99999999998181,3336,-1.0,-0.01407338200310014,-0.07669903939435181,0.9999009715939781,-0.014072917445170759,-467,0.03900515021459228,-0.16995708154521913,NA,NA,0.0,NA,NA,NA,544,-0.046981826,False,0.0," Step Response (State:idle, Speed:-0.5, Q:0.0)",0.00019806008100518293,0.001521401743262908,0.00220729201419112,4008.120002,0.01322,0.011461973190307617,0.0,1,0
4068.6187376976013,19.99999999998181,3334,-2.0,-0.017141343578871412,-0.15339807878870362,0.9998530907673503,-0.017140504163439426,-435,0.03628583690987125,-0.135965665236175,NA,NA,0.0,NA,NA,NA,1324,-0.22794563,False,0.0," Step Response (State:idle, Speed:-0.5, Q:0.0)",0.0002938256596889162,0.0013166619602497747,0.05195920831315348,4008.140002,0.01448,0.01246190071105957,0.0,0,0
4068.63907289505,19.99999999998181,3336,2.0,-0.01407338200310014,0.15339807878870362,0.9999009715939781,-0.014072917445170759,-407,0.033906437768240344,-0.11896995708165349,NA,NA,0.0,NA,NA,NA,295,0.011008254,False,0.0," Step Response (State:idle, Speed:-0.5, Q:0.0)",0.00019806008100518293,0.0011496465221315553,0.00012118166168491405,4008.160002,0.01346,0.011731386184692383,0.0,0,0
4068.6592276096344,19.99999999998181,3336,0.0,-0.01407338200310014,0.0,0.9999009715939781,-0.014072917445170759,-384,0.031951931330472104,-0.09772532188850089,NA,NA,0.0,NA,NA,NA,1435,-0.25371203,False,0.0," Step Response (State:idle, Speed:-0.5, Q:0.0)",0.00019806008100518293,0.0010209259157472048,0.06436979328633985,4008.180002,0.01387,0.012006521224975586,0.0,1,0
4068.679748773575,19.99999999998181,3338,2.0,-0.011005420427328855,0.15339807878870362,0.9999394409718514,-0.011005198267243443,-362,0.030082403433476398,-0.09347639484987033,NA,NA,0.0,NA,NA,NA,916,-0.13319927,False,0.0," Step Response (State:idle, Speed:-0.5, Q:0.0)",0.00012111927878226723,0.0009049509963344326,0.01774204673796831,4008.200002,0.01337,0.011705398559570312,0.0,0,0
4068.6997785568237,19.99999999998181,3339,1.0,-0.009471439639443205,0.07669903939435181,0.999955146250892,-0.009471298029160658,-340,0.028212875536480688,-0.0934763948498705,NA,NA,0.0,NA,NA,NA,2508,-0.50289416,False,0.0," Step Response (State:idle, Speed:-0.5, Q:0.0)",8.970816884361603e-05,0.0007959663460369505,0.25290253931194684,4008.220002,0.01438,0.012476682662963867,0.0,1,0
4068.7200932502747,19.99999999998181,3337,-2.0,-0.01253940121521449,-0.15339807878870362,0.9999213827387158,-0.012539072609031632,-312,0.025833476394849786,-0.11896995708165331,NA,NA,0.0,NA,NA,NA,1506,-0.27014622,False,0.0," Step Response (State:idle, Speed:-0.5, Q:0.0)",0.00015723658283612265,0.0006673685026432611,0.07297898067869202,4008.240002,0.01381,0.01217341423034668,0.0,1,0
4068.740293979645,19.99999999998181,3335,-2.0,-0.015607362790985777,-0.15339807878870362,0.9998782075856676,-0.015606729166375732,-277,0.02285922746781116,-0.1487124463520665,NA,NA,0.0,NA,NA,NA,1172,-0.19255579,False,0.0," Step Response (State:idle, Speed:-0.5, Q:0.0)",0.00024358977328944732,0.0005225442804251322,0.03707773040595441,4008.260002,0.01358,0.011880874633789062,0.0,2,0
4068.760766983032,19.99999999998181,3332,-3.0,-0.0202093051546427,-0.23009711818305545,0.9997957989426404,-0.020207929548755003,-243,0.019969957081545066,-0.14446351931343612,NA,NA,0.0,NA,NA,NA,1341,-0.23185214,False,0.0," Step Response (State:idle, Speed:-0.5, Q:0.0)",0.00040841601483346794,0.0003987991858387519,0.05375541667874817,4008.280002,0.01309,0.011389493942260742,0.0,2,0
4068.781091451645,19.99999999998181,3331,-1.0,-0.021743285942528334,-0.07669903939435181,0.999763624071061,-0.021741572719058636,-211,0.017250643776824035,-0.1359656652361752,NA,NA,0.0,NA,NA,NA,100,0.05627465,False,0.0," Step Response (State:idle, Speed:-0.5, Q:0.0)",0.00047277048357855027,0.00029758471071487783,0.0031668360925874023,4008.300002,0.01387,0.012078523635864258,0.0,0,0
4068.801206588745,19.99999999998181,3330,-1.0,-0.023277266730413984,-0.07669903939435181,0.9997290966591009,-0.023275164729341526,-186,0.015126180257510731,-0.10622317596576182,NA,NA,0.0,NA,NA,NA,1075,-0.17012228,False,0.0," Step Response (State:idle, Speed:-0.5, Q:0.0)",0.0005418311464388377,0.0002288013291827074,0.028941590396318384,4008.320002,0.01407,0.012204647064208984,0.0,2,0
4068.8215668201447,19.99999999998181,3333,3.0,-0.018675324366757062,0.23009711818305545,0.9998256211981283,-0.018674238827241132,-165,0.013341630901287555,-0.08922746781123994,NA,NA,0.0,NA,NA,NA,1033,-0.16035207,False,0.0," Step Response (State:idle, Speed:-0.5, Q:0.0)",0.0003487677402035901,0.000177999115106191,0.02571278512153996,4008.340002,0.01305,0.011195898056030273,0.0,1,0
4068.841902732849,19.99999999998181,3331,-2.0,-0.021743285942528334,-0.15339807878870362,0.999763624071061,-0.021741572719058636,-144,0.011557081545064378,-0.08922746781124002,NA,NA,0.0,NA,NA,NA,2058,-0.39842942,False,0.0," Step Response (State:idle, Speed:-0.5, Q:0.0)",0.00047277048357855027,0.00013356613383926763,0.15874600556682683,4008.360002,0.01418,0.01232457160949707,0.0,2,0
4068.8621315956116,19.99999999998181,3329,-2.0,-0.02481124751829962,-0.15339807878870362,0.9996922167880063,-0.024808701970913498,-119,0.009432618025751073,-0.10622317596576182,NA,NA,0.0,NA,NA,NA,272,0.016236603,False,0.0," Step Response (State:idle, Speed:-0.5, Q:0.0)",0.000615598003414329,8.897428281972408e-05,0.00026362728542395075,4008.380002,0.01348,0.011553287506103516,0.0,2,0
4068.8822157382965,19.99999999998181,3327,-2.0,-0.027879209094070906,-0.15339807878870362,0.999611400021077,-0.02787559771381707,-92,0.007138197424892704,-0.1147210300430228,NA,NA,0.0,NA,NA,NA,-28,0.08608436,False,0.0," Step Response (State:idle, Speed:-0.5, Q:0.0)",0.0007772502997109259,5.095386247674483e-05,0.007410516760131769,4008.400002,0.01441,0.012494802474975586,0.0,1,0
4068.9025571346283,19.99999999998181,3328,1.0,-0.02634522830618527,0.07669903939435181,0.9996529845445593,-0.026342180835213322,-75,0.005693562231759657,-0.07223175965671806,NA,NA,0.0,NA,NA,NA,-440,0.18179977,False,0.0," Step Response (State:idle, Speed:-0.5, Q:0.0)",0.0006940710545050256,3.241665088692e-05,0.03305115615445686,4008.420002,0.01358,0.011916399002075195,0.0,1,0
4068.9231226444244,19.99999999998181,3330,2.0,-0.023277266730413984,0.15339807878870362,0.9997290966591009,-0.023275164729341526,-68,0.005098712446351932,-0.029742489270413286,NA,NA,0.0,NA,NA,NA,204,0.03194937,False,0.0," Step Response (State:idle, Speed:-0.5, Q:0.0)",0.0005418311464388377,2.5996868610584104e-05,0.0010207623136517796,4008.440002,0.01336,0.011586427688598633,0.0,0,0
4068.943162918091,19.99999999998181,3331,1.0,-0.021743285942528334,0.07669903939435181,0.999763624071061,-0.021741572719058636,-68,0.005098712446351932,0.0,NA,NA,0.0,NA,NA,NA,411,-0.016038261,False,0.0," Step Response (State:idle, Speed:-0.5, Q:0.0)",0.00047277048357855027,2.5996868610584104e-05,0.00025722582725823395,4008.460002,0.01371,0.011713027954101562,0.0,2,0
4068.9634444713593,19.99999999998181,3335,4.0,-0.015607362790985777,0.30679615757740725,0.9998782075856676,-0.015606729166375732,-67,0.005013733905579399,-0.004248927038630512,NA,NA,0.0,NA,NA,NA,-439,0.102046795,False,0.0," Step Response (State:idle, Speed:-0.5, Q:0.0)",0.00024358977328944732,2.5137527675956454e-05,0.010413548408423401,4008.480002,0.01428,0.012398719787597656,0.0,1,0
4068.9835619926453,20.000000000436557,3336,1.0,-0.01407338200310014,0.07669903939260789,0.9999009715939781,-0.014072917445170759,-68,0.005098712446351932,0.004248927038533903,NA,NA,0.0,NA,NA,NA,1459,-0.25923756,False,0.0," Step Response (State:idle, Speed:-0.5, Q:0.0)",0.00019806008100518293,2.5996868610584104e-05,0.06720411129613613,4008.500002,0.01368,0.011933088302612305,0.0,1,0
4069.0039970874786,19.99999999998181,3340,4.0,-0.007937458851557583,0.30679615757740725,0.9999684985388817,-0.007937375504198747,-63,0.004673819742489271,-0.02124463519315239,NA,NA,0.0,NA,NA,NA,-448,0.011650724,False,0.0," Step Response (State:idle, Speed:-0.5, Q:0.0)",6.300325302016982e-05,2.1844590985282473e-05,0.00013573937756522839,4008.520002,0.01343,0.011748790740966797,0.0,1,0
4069.024206638336,19.99999999998181,3339,-1.0,-0.009471439639443205,-0.07669903939435181,0.999955146250892,-0.009471298029160658,-56,0.004078969957081545,-0.029742489270413328,NA,NA,0.0,NA,NA,NA,1946,-0.37226826,False,0.0," Step Response (State:idle, Speed:-0.5, Q:0.0)",8.970816884361603e-05,1.6637995910773822e-05,0.13858365704999542,4008.540002,0.01442,0.012637138366699219,0.0,2,0
4069.0445153713226,19.99999999998181,3339,0.0,-0.009471439639443205,0.0,0.999955146250892,-0.009471298029160658,-46,0.0032291845493562232,-0.042489270386304734,NA,NA,0.0,NA,NA,NA,-2,0.08011913,False,0.0," Step Response (State:idle, Speed:-0.5, Q:0.0)",8.970816884361603e-05,1.0427632853800955e-05,0.006419075471967517,4008.560002,0.01377,0.012082815170288086,0.0,1,0
4069.064880132675,19.99999999998181,3337,-2.0,-0.01253940121521449,-0.15339807878870362,0.9999213827387158,-0.012539072609031632,-34,0.002209442060085837,-0.050987124463565674,NA,NA,0.0,NA,NA,NA,327,0.0035390912,False,0.0," Step Response (State:idle, Speed:-0.5, Q:0.0)",0.00015723658283612265,4.881634216876348e-06,1.2525166585264944e-05,4008.580002,0.01366,0.011908769607543945,0.0,0,0
4069.085153579712,19.99999999998181,3338,1.0,-0.011005420427328855,0.07669903939435181,0.9999394409718514,-0.011005198267243443,-26,0.0015296137339055795,-0.0339914163090438,NA,NA,0.0,NA,NA,NA,-874,0.28247216,False,0.0," Step Response (State:idle, Speed:-0.5, Q:0.0)",0.00012111927878226723,2.339718174952569e-06,0.07979052311779444,4008.600002,0.01316,0.01127934455871582,0.0,1,0
4069.1054224967957,19.99999999998181,3339,1.0,-0.009471439639443205,0.07669903939435181,0.999955146250892,-0.009471298029160658,-25,0.0014446351931330472,-0.00424892703863048,NA,NA,0.0,NA,NA,NA,241,0.02346194,False,0.0," Step Response (State:idle, Speed:-0.5, Q:0.0)",8.970816884361603e-05,2.0869708412385568e-06,0.0005504626176304796,4008.620002,0.01412,0.012355327606201172,0.0,0,0
4069.1256222724915,19.99999999998181,3341,2.0,-0.006403478063671919,0.15339807878870362,0.9999794978044011,-0.006403434301825513,-27,0.0016145922746781116,0.00849785407726095,NA,NA,0.0,NA,NA,NA,1145,-0.18637522,False,0.0," Step Response (State:idle, Speed:-0.5, Q:0.0)",4.100453131192747e-05,2.6069082134502387e-06,0.03473572100843669,4008.640002,0.01322,0.011370658874511719,0.0,0,0
4069.146049976349,19.99999999998181,3342,1.0,-0.004869497275786283,0.07669903939435181,0.999988144021568,-0.004869478031552847,-20,0.0010197424892703863,-0.029742489270413317,NA,NA,0.0,NA,NA,NA,760,-0.2690342,False,0.0," Step Response (State:idle, Speed:-0.5, Q:0.0)",2.3712003718890033e-05,1.0398747444233639e-06,0.07237940446467306,4008.660002,0.01401,0.012267589569091797,0.0,1,0
4069.1663811206818,19.99999999998181,3342,0.0,-0.004869497275786283,0.0,0.999988144021568,-0.004869478031552847,-10,0.0001699570815450644,-0.042489270386304734,NA,NA,0.0,NA,NA,NA,1904,-0.36256757,False,0.0," Step Response (State:idle, Speed:-0.5, Q:0.0)",2.3712003718890033e-05,2.8885409567315667e-08,0.13145524556090837,4008.680002,0.01338,0.011472702026367188,0.0,1,0
4069.1863646507263,19.99999999998181,3339,-3.0,-0.009471439639443205,-0.23009711818305545,0.999955146250892,-0.009471298029160658,7,-0.001274678111587983,-0.07223175965671806,NA,NA,0.0,NA,NA,NA,1845,-0.3488074,False,0.0," Step Response (State:idle, Speed:-0.5, Q:0.0)",8.970816884361603e-05,1.6248042881615065e-06,0.12166659846105077,4008.700002,0.01409,0.012132883071899414,0.0,2,0
4069.206634283066,19.99999999998181,3334,-5.0,-0.017141343578871412,-0.3834951969717591,0.9998530907673503,-0.017140504163439426,34,-0.003569098712446352,-0.1147210300430228,NA,NA,0.0,NA,NA,NA,21,0.07459291,False,0.0," Step Response (State:idle, Speed:-0.5, Q:0.0)",0.0002938256596889162,1.2738465619186208e-05,0.005564102327742015,4008.720002,0.01346,0.011757850646972656,0.0,3,0
4069.2269611358643,19.99999999998181,3328,-6.0,-0.02634522830618527,-0.4601942363661109,0.9996529845445593,-0.026342180835213322,58,-0.005608583690987125,-0.10197424892713138,NA,NA,0.0,NA,NA,NA,-440,0.181866,False,0.0," Step Response (State:idle, Speed:-0.5, Q:0.0)",0.0006940710545050256,3.1456211018806756e-05,0.033075243797595855,4008.740002,0.01319,0.01149296760559082,0.0,0,0
4069.247291326523,19.99999999998181,3327,-1.0,-0.027879209094070906,-0.07669903939435181,0.999611400021077,-0.02787559771381707,70,-0.0066283261802575115,-0.050987124463565715,NA,NA,0.0,NA,NA,NA,-2334,0.6214086,False,0.0," Step Response (State:idle, Speed:-0.5, Q:0.0)",0.0007772502997109259,4.393470795188713e-05,0.386148625452293,4008.760002,0.01312,0.011334419250488281,0.0,0,0
4069.26758146286,19.99999999998181,3329,2.0,-0.02481124751829962,0.15339807878870362,0.9996922167880063,-0.024808701970913498,63,-0.006033476394849786,0.029742489270413328,NA,NA,0.0,NA,NA,NA,-932,0.29610527,False,0.0," Step Response (State:idle, Speed:-0.5, Q:0.0)",0.000615598003414329,3.640283740720957e-05,0.0876783283263336,4008.780002,0.01399,0.012131214141845703,0.0,2,0
4069.2878704071045,19.99999999998181,3333,4.0,-0.018675324366757062,0.30679615757740725,0.9998256211981283,-0.018674238827241132,44,-0.004418884120171674,0.08072961373397901,NA,NA,0.0,NA,NA,NA,-1471,0.24895063,False,0.0," Step Response (State:idle, Speed:-0.5, Q:0.0)",0.0003487677402035901,1.9526536867505393e-05,0.06197641638970541,4008.800002,0.014,0.012289047241210938,0.0,1,0
4069.3081634044647,19.99999999998181,3337,4.0,-0.01253940121521449,0.30679615757740725,0.9999213827387158,-0.012539072609031632,21,-0.0024643776824034335,0.09772532188850093,NA,NA,0.0,NA,NA,NA,-1326,0.21527994,False,0.0," Step Response (State:idle, Speed:-0.5, Q:0.0)",0.00015723658283612265,6.073157361528118e-06,0.04634545118450717,4008.820002,0.01368,0.01197671890258789,0.0,2,0
4069.3285014629364,19.99999999998181,3342,5.0,-0.004869497275786283,0.3834951969717591,0.999988144021568,-0.004869478031552847,-6,-0.0001699570815450644,0.1147210300430228,NA,NA,0.0,NA,NA,NA,-1601,0.27915728,False,0.0," Step Response (State:idle, Speed:-0.5, Q:0.0)",2.3712003718890033e-05,2.8885409567315667e-08,0.07792878749172871,4008.840002,0.01316,0.011302471160888672,0.0,0,0
4069.3487689495087,19.99999999998181,3351,9.0,0.008936329815184496,0.6902913545491663,0.9999600712704372,0.008936210876102397,-36,0.0023793991416309014,0.1274678111589142,NA,NA,0.0,NA,NA,NA,-883,0.11245898,False,0.0," Step Response (State:idle, Speed:-0.5, Q:0.0)",7.985799056575538e-05,5.66154027519387e-06,0.012647022536567187,4008.860002,0.01399,0.012218475341796875,0.0,3,0
4069.3691432476044,19.99999999998181,3357,6.0,0.01814021454249834,0.4601942363661109,0.9998354708200159,0.018139219666711153,-66,0.004928755364806867,0.1274678111589142,NA,NA,0.0,NA,NA,NA,1306,-0.3957933,False,0.0," Step Response (State:idle, Speed:-0.5, Q:0.0)",0.00032906738364786825,2.429262944611247e-05,0.15665232757481196,4008.880002,0.01325,0.011407136917114258,0.0,0,0
4069.3894171714783,19.99999999998181,3359,2.0,0.02120817611826961,0.15339807878870362,0.9997751150622463,0.02120658629464479,-82,0.006288412017167382,0.0679828326180876,NA,NA,0.0,NA,NA,NA,683,-0.25124177,False,0.0," Step Response (State:idle, Speed:-0.5, Q:0.0)",0.0004497867342635415,3.9544125697655144e-05,0.06312242868455886,4008.900002,0.01414,0.012271881103515625,0.0,0,0
4069.40957570076,19.99999999998181,3361,2.0,0.024276137694040884,0.15339807878870362,0.9997053490403317,0.024273753318111744,-80,0.006118454935622318,-0.008497854077260938,NA,NA,0.0,NA,NA,NA,132,-0.12342695,False,0.0," Step Response (State:idle, Speed:-0.5, Q:0.0)",0.0005893308613400326,3.74354907992411e-05,0.015234212348681775,4008.920002,0.01325,0.011259078979492188,0.0,1,0
4069.429852962494,19.99999999998181,3358,-3.0,0.019674195330383976,-0.23009711818305545,0.9998064692617309,0.019672926126825727,-76,0.005778540772532189,-0.01699570815452192,NA,NA,0.0,NA,NA,NA,1403,-0.24629298,False,0.0," Step Response (State:idle, Speed:-0.5, Q:0.0)",0.0003870739618981026,3.339153345981691e-05,0.060660231270795784,4008.940002,0.01407,0.01224970817565918,0.0,0,0
4069.4502382278442,19.99999999998181,3359,1.0,0.02120817611826961,0.07669903939435181,0.9997751150622463,0.02120658629464479,-67,0.005013733905579399,-0.03824034334767427,NA,NA,0.0,NA,NA,NA,-234,0.13406423,False,0.0," Step Response (State:idle, Speed:-0.5, Q:0.0)",0.0004497867342635415,2.5137527675956454e-05,0.017973217052969837,4008.960002,0.01315,0.011301755905151367,0.0,1,0
4069.4704661369324,19.99999999998181,3355,-4.0,0.01507225296672704,-0.30679615757740725,0.9998864157455492,0.015071682305533707,-58,0.004248927038626609,-0.03824034334767427,NA,NA,0.0,NA,NA,NA,1734,-0.32314515,False,0.0," Step Response (State:idle, Speed:-0.5, Q:0.0)",0.00022717280949301205,1.8053380979572286e-05,0.10442278870419841,4008.980002,0.01363,0.011756181716918945,0.0,0,0
4069.490772485733,20.000000000436557,3354,-1.0,0.013538272178841404,-0.07669903939260789,0.9999083589929191,0.013537858622682582,-45,0.003144206008583691,-0.05523605150094022,NA,NA,0.0,NA,NA,NA,-50,0.091178216,False,0.0," Step Response (State:idle, Speed:-0.5, Q:0.0)",0.00018328481358839119,9.886031424413786e-06,0.008313467080261427,4009.000002,0.01366,0.011809587478637695,0.0,2,0
4069.51087808609,19.99999999998181,3351,-3.0,0.008936329815184496,-0.23009711818305545,0.9999600712704372,0.008936210876102397,-31,0.0019545064377682404,-0.059484978540826634,NA,NA,0.0,NA,NA,NA,921,-0.13432889,False,0.0," Step Response (State:idle, Speed:-0.5, Q:0.0)",7.985799056575538e-05,3.8200954152774965e-06,0.018044249846811633,4009.020002,0.01428,0.012507200241088867,0.0,2,0
4069.5314269065857,19.99999999998181,3349,-2.0,0.005868368239413196,-0.15339807878870362,0.9999827811765182,0.005868334557242252,-18,0.000849785407725322,-0.05523605150219617,NA,NA,0.0,NA,NA,NA,136,0.0478373,False,0.0," Step Response (State:idle, Speed:-0.5, Q:0.0)",3.4437745793353536e-05,7.221352391828917e-07,0.002288407114713467,4009.040002,0.01332,0.011532068252563477,0.0,1,0
4069.5514693260193,19.99999999998181,3345,-4.0,-0.0002675549121293752,-0.30679615757740725,0.9999999642071847,-0.00026755490893719405,-7,-8.49785407725322e-05,-0.046738197424935214,NA,NA,0.0,NA,NA,NA,-1,0.07989853,False,0.0," Step Response (State:idle, Speed:-0.5, Q:0.0)",7.158563100455769e-08,7.221352391828917e-09,0.006383774897167405,4009.060002,0.01479,0.01281118392944336,0.0,1,0
4069.5718202590942,19.99999999998181,3346,1.0,0.0012664258757562885,0.07669903939435181,0.9999991980828578,0.0012664255372333974,0,-0.0006798283261802576,-0.029742489270413317,NA,NA,0.0,NA,NA,NA,-846,0.2761219,False,0.0," Step Response (State:idle, Speed:-0.5, Q:0.0)",1.6038344987850822e-06,4.621665530770507e-07,0.07624331160460329,4009.080002,0.01387,0.012212276458740234,0.0,0,0
4069.592203140259,19.99999999998181,3346,0.0,0.0012664258757562885,0.0,0.9999991980828578,0.0012664255372333974,-3,-0.000424892703862661,0.012746781115891422,NA,NA,0.0,NA,NA,NA,900,-0.12944773,False,0.0," Step Response (State:idle, Speed:-0.5, Q:0.0)",1.6038344987850822e-06,1.8053380979572294e-07,0.01675671438674531,4009.100002,0.01448,0.012720108032226562,0.0,1,0
4069.6124651432037,19.99999999998181,3348,2.0,0.0043343874515275604,0.15339807878870362,0.9999906065574162,0.004334373879912507,-3,-0.000424892703862661,0.0,NA,NA,0.0,NA,NA,NA,147,-0.12669006,False,0.0," Step Response (State:idle, Speed:-0.5, Q:0.0)",1.878691457995958e-05,1.8053380979572294e-07,0.0160503712775375,4009.120002,0.01415,0.012218952178955078,0.0,0,0
4069.632654428482,19.99999999998181,3349,1.0,0.005868368239413196,0.07669903939435181,0.9999827811765182,0.005868334557242252,1,-0.0007648068669527898,-0.016995708154521897,NA,NA,0.0,NA,NA,NA,1739,-0.40380707,False,0.0," Step Response (State:idle, Speed:-0.5, Q:0.0)",3.4437745793353536e-05,5.849295437381422e-07,0.16306015287640552,4009.140002,0.0134,0.011502742767333984,0.0,1,0
4069.652877807617,19.99999999998181,3349,0.0,0.005868368239413196,0.0,0.9999827811765182,0.005868334557242252,11,-0.0016145922746781116,-0.042489270386304734,NA,NA,0.0,NA,NA,NA,1805,-0.33962888,False,0.0," Step Response (State:idle, Speed:-0.5, Q:0.0)",3.4437745793353536e-05,2.6069082134502387e-06,0.11534777290737352,4009.160002,0.01383,0.012034177780151367,0.0,0,0
4069.673067331314,19.99999999998181,3345,-4.0,-0.0002675549121293752,-0.30679615757740725,0.9999999642071847,-0.00026755490893719405,33,-0.00348412017167382,-0.09347639484987043,NA,NA,0.0,NA,NA,NA,1625,-0.29791984,False,0.0," Step Response (State:idle, Speed:-0.5, Q:0.0)",7.158563100455769e-08,1.2139093370664409e-05,0.08875623083955819,4009.180002,0.01311,0.011310100555419922,0.0,0,0
4069.69349193573,19.99999999998181,3338,-7.0,-0.011005420427328855,-0.5368932757604628,0.9999394409718514,-0.011005198267243443,62,-0.005948497854077254,-0.12321888412028376,NA,NA,0.0,NA,NA,NA,1044,-0.16284375,False,0.0," Step Response (State:idle, Speed:-0.5, Q:0.0)",0.00012111927878226723,3.538462671996169e-05,0.026518086564637722,4009.200002,0.01448,0.012767791748046875,0.0,1,0
4069.7136957645416,19.99999999998181,3332,-6.0,-0.0202093051546427,-0.4601942363661109,0.9997957989426404,-0.020207929548755003,92,-0.008497854077253219,-0.12746781115891417,NA,NA,0.0,NA,NA,NA,-371,0.16581063,False,0.0," Step Response (State:idle, Speed:-0.5, Q:0.0)",0.00040841601483346794,7.221352391828915e-05,0.02749316492995235,4009.220002,0.0141,0.012274742126464844,0.0,0,0
4069.7341096401215,19.99999999998181,3328,-4.0,-0.02634522830618527,-0.30679615757740725,0.9996529845445593,-0.026342180835213322,113,-0.010282403433476396,-0.08922746781124002,NA,NA,0.0,NA,NA,NA,-547,0.20669407,False,0.0," Step Response (State:idle, Speed:-0.5, Q:0.0)",0.0006940710545050256,0.00010572782036876718,0.04272243713643675,4009.240002,0.0143,0.01258540153503418,0.0,1,0
4069.7544565200806,19.99999999998181,3325,-3.0,-0.03094717066984219,-0.23009711818305545,0.9995211745309508,-0.030942231080978606,120,-0.01087725321888412,-0.029742489270413286,NA,NA,0.0,NA,NA,NA,-637,0.2275607,False,0.0," Step Response (State:idle, Speed:-0.5, Q:0.0)",0.0009577273724683408,0.00011831463758772497,0.051783871723021235,4009.260002,0.01438,0.012540578842163086,0.0,2,0
4069.7743809223175,19.99999999998181,3328,3.0,-0.02634522830618527,0.23009711818305545,0.9996529845445593,-0.026342180835213322,117,-0.010622317596566525,0.012746781115891408,NA,NA,0.0,NA,NA,NA,-975,0.3060453,False,0.0," Step Response (State:idle, Speed:-0.5, Q:0.0)",0.0006940710545050256,0.00011283363112232683,0.09366372186201488,4009.280002,0.0154,0.013371467590332031,0.0,1,0
4069.794893026352,19.99999999998181,3329,1.0,-0.02481124751829962,0.07669903939435181,0.9996922167880063,-0.024808701970913498,108,-0.009857510729613734,0.03824034334767431,NA,NA,0.0,NA,NA,NA,530,-0.21572942,False,0.0," Step Response (State:idle, Speed:-0.5, Q:0.0)",0.000615598003414329,9.717051778444988e-05,0.04653918067603868,4009.300002,0.01352,0.011825799942016602,0.0,0,0
4069.8150069713593,19.99999999998181,3330,1.0,-0.023277266730413984,0.07669903939435181,0.9997290966591009,-0.023275164729341526,101,-0.00926266094420601,0.029742489270413286,NA,NA,0.0,NA,NA,NA,-635,0.05504418,False,0.0," Step Response (State:idle, Speed:-0.5, Q:0.0)",0.0005418311464388377,8.579688776731936e-05,0.0030298619329585663,4009.320002,0.01536,0.013502359390258789,0.0,0,0
4069.835541009903,19.99999999998181,3331,1.0,-0.021743285942528334,0.07669903939435181,0.999763624071061,-0.021741572719058636,99,-0.009092703862660945,0.008497854077260938,NA,NA,0.0,NA,NA,NA,-842,0.1030243,False,0.0," Step Response (State:idle, Speed:-0.5, Q:0.0)",0.00047277048357855027,8.267726353404927e-05,0.010614005661600479,4009.340002,0.01397,0.012303829193115234,0.0,0,0
4069.8556253910065,19.99999999998181,3330,-1.0,-0.023277266730413984,-0.07669903939435181,0.9997290966591009,-0.023275164729341526,91,-0.008412875536480686,0.03399141630904384,NA,NA,0.0,NA,NA,NA,158,-0.12944512,False,0.0," Step Response (State:idle, Speed:-0.5, Q:0.0)",0.0005418311464388377,7.077647479231519e-05,0.016756039271031975,4009.360002,0.01533,0.013381242752075195,0.0,1,0
4069.8761196136475,19.99999999998181,3330,0.0,-0.023277266730413984,0.0,0.9997290966591009,-0.023275164729341526,85,-0.007903004291845494,0.025493562231782816,NA,NA,0.0,NA,NA,NA,-1496,0.25487813,False,0.0," Step Response (State:idle, Speed:-0.5, Q:0.0)",0.0005418311464388377,6.24574768369283e-05,0.06496286295448161,4009.380002,0.01417,0.012396812438964844,0.0,1,0
4069.8960902690887,19.99999999998181,3330,0.0,-0.023277266730413984,0.0,0.9997290966591009,-0.023275164729341526,75,-0.007053218884120172,0.042489270386304734,NA,NA,0.0,NA,NA,NA,-1716,0.30603236,False,0.0," Step Response (State:idle, Speed:-0.5, Q:0.0)",0.0005418311464388377,4.97478966273094e-05,0.0936558051223848,4009.400002,0.01642,0.01446843147277832,0.0,0,0
4069.9165728092194,19.99999999998181,3332,2.0,-0.0202093051546427,0.15339807878870362,0.9997957989426404,-0.020207929548755003,55,-0.005353648068669528,0.08497854077260947,NA,NA,0.0,NA,NA,NA,-2377,0.4594452,False,0.0," Step Response (State:idle, Speed:-0.5, Q:0.0)",0.00040841601483346794,2.866154764316897e-05,0.21108989944001255,4009.420002,0.01439,0.012658834457397461,0.0,2,0
4069.936844587326,19.99999999998181,3337,5.0,-0.01253940121521449,0.3834951969717591,0.9999213827387158,-0.012539072609031632,24,-0.00271931330472103,0.1317167381975447,NA,NA,0.0,NA,NA,NA,-2181,0.41377655,False,0.0," Step Response (State:idle, Speed:-0.5, Q:0.0)",0.00015723658283612265,7.394664849232811e-06,0.1712110306127892,4009.440002,0.01552,0.01364445686340332,0.0,1,0
4069.956990003586,19.99999999998181,3344,7.0,-0.0018015357000150112,0.5368932757604628,0.9999983772349997,-0.0018015347255252122,-18,0.000849785407725322,0.1784549356224799,NA,NA,0.0,NA,NA,NA,-2126,0.401078,False,0.0," Step Response (State:idle, Speed:-0.5, Q:0.0)",3.2455308784285763e-06,7.221352391828917e-07,0.16086355066414626,4009.460002,0.01484,0.013071298599243164,0.0,1,0
4069.9774930477142,19.99999999998181,3352,8.0,0.010470310603070132,0.6135923151548145,0.9999451867986928,0.010470119298623447,-64,0.004758798283261803,0.1954506437770018,NA,NA,0.0,NA,NA,NA,-1223,0.19142567,False,0.0," Step Response (State:idle, Speed:-0.5, Q:0.0)",0.00010962740412476283,2.264616110077548e-05,0.03664378568510451,4009.480002,0.01462,0.012828350067138672,0.0,1,0
4069.997615337372,20.000000000436557,3360,8.0,0.022742156906155248,0.6135923151408631,0.9997414082953414,0.02274019656131783,-110,0.008667811158798285,0.1954506437725578,NA,NA,0.0,NA,NA,NA,-531,0.030876389,False,0.0," Step Response (State:idle, Speed:-0.5, Q:0.0)",0.0005172057007441849,7.513095028458806e-05,0.0009533513836813313,4009.500002,0.01554,0.01366114616394043,0.0,0,0
4070.0178163051605,19.99999999998181,3366,6.0,0.03194604163346909,0.4601942363661109,0.9994897686072266,0.03194060815752551,-148,0.011896995708154508,0.16145922746795802,NA,NA,0.0,NA,NA,NA,120,-0.120589666,False,0.0," Step Response (State:idle, Speed:-0.5, Q:0.0)",0.0010205495760473404,0.00014153850687984677,0.014541867562525346,4009.520002,0.01545,0.013556718826293945,0.0,0,0
4070.0382590293884,19.99999999998181,3371,5.0,0.0396159455728973,0.3834951969717591,0.9992153910515224,0.039605584022373734,-173,0.014021459227467812,0.10622317596576182,NA,NA,0.0,NA,NA,NA,352,-0.1742756,False,0.0," Step Response (State:idle, Speed:-0.5, Q:0.0)",0.0015694231436347611,0.00019660131886754226,0.030371987150133783,4009.540002,0.01575,0.01404571533203125,0.0,1,0
4070.058517932892,19.99999999998181,3372,1.0,0.041149926360782935,0.07669903939435181,0.999153461245198,0.04113831403619507,-186,0.015126180257510731,0.05523605150219619,NA,NA,0.0,NA,NA,NA,334,-0.17027175,False,0.0," Step Response (State:idle, Speed:-0.5, Q:0.0)",0.0016933164394978583,0.0002288013291827074,0.02899247030042318,4009.560002,0.01678,0.014913320541381836,0.0,1,0
4070.078840494156,19.99999999998181,3371,-1.0,0.0396159455728973,-0.07669903939435181,0.9992153910515224,0.039605584022373734,-187,0.015211158798283263,0.004248927038630469,NA,NA,0.0,NA,NA,NA,-482,0.019470334,False,0.0," Step Response (State:idle, Speed:-0.5, Q:0.0)",0.0015694231436347611,0.00023137935198659033,0.00037909390813695154,4009.580002,0.01637,0.014580965042114258,0.0,1,0
4070.099126815796,19.99999999998181,3370,-1.0,0.03808196478501166,-0.07669903939435181,0.9992749696075112,0.038072760812787446,-186,0.015126180257510731,-0.004248927038630469,NA,NA,0.0,NA,NA,NA,-162,-0.054941494,False,0.0," Step Response (State:idle, Speed:-0.5, Q:0.0)",0.0014502360418868685,0.0002288013291827074,0.003018567764912286,4009.600002,0.0156,0.013689517974853516,0.0,0,0
4070.119431257248,19.99999999998181,3371,1.0,0.0396159455728973,0.07669903939435181,0.9992153910515224,0.039605584022373734,-186,0.015126180257510731,0.0,NA,NA,0.0,NA,NA,NA,1603,-0.29267,False,0.0," Step Response (State:idle, Speed:-0.5, Q:0.0)",0.0015694231436347611,0.0002288013291827074,0.08565573564334272,4009.620002,0.01628,0.014368295669555664,0.0,0,0
4070.1394131183624,19.99999999998181,3368,-3.0,0.03501400320924039,-0.23009711818305545,0.9993870724132388,0.03500684923405512,-177,0.01436137339055794,-0.03824034334767431,NA,NA,0.0,NA,NA,NA,2329,-0.54082435,False,0.0," Step Response (State:idle, Speed:-0.5, Q:0.0)",0.0012259804207366963,0.00020624904566302567,0.29249098154952335,4009.640002,0.01596,0.01405024528503418,0.0,0,0
