# This is CartPole simulation from 29.06.2021 at time 11:45:23
# Done with git-revision: fa815dbaab5046db804e0fabc5f04b5bccbe0ddf
#
# Length of experiment: 4 s
#
# Time intervals dt:
# Simulation: 0.002 s
# Controller update: 0.02 s
# Saving: 0.02 s
#
# Controller: mppi
#
# Parameters:
# m: 0.087
# M: 0.23
# L: 0.1975
# u_max: 6.21
# M_fric: 6.34
# J_fric: 0.00025
# v_max: 0.8
# TrackHalfLength: 0.198
# controlDisturbance: 0.0
# controlBias: 0.0
# sensorNoise: 0.0
# g: 9.81
# k: 1.3333333333333333
#
# Data:
time,angle,angleD,angleDD,angle_cos,angle_sin,position,positionD,positionDD,Q,u,target_position
0.0,2.2539632,0.047310486,17.72755097381293,-0.6312524,0.7755775,0.16714294,0.00025194944,-0.8898493902469826,-0.0141986,-0.08817331,0.1584
0.020000000000000004,2.2580755,0.39738435,16.542060234054016,-0.63443637,0.7729751,0.16700429,-0.014578702,-0.07255128086968313,0.010788726,0.06699799,0.1584
0.04000000000000002,2.2689936,0.72680086,16.98403080765956,-0.6428379,0.7660023,0.16670033,-0.015916742,-0.502303406115272,-0.010562251,-0.06559158,0.1584
0.06000000000000004,2.2865648,1.0623941,13.375484844528057,-0.65619755,0.75458914,0.1662998,-0.024483567,1.8640625099459947,0.09679973,0.6011263,0.1584
0.08000000000000006,2.3102531,1.3357804,13.731208739380797,-0.6738867,0.73883474,0.16610955,0.0062680347,1.3366267138144128,0.10388025,0.64509636,0.1584
0.10000000000000007,2.3394573,1.6132483,12.877749570448605,-0.6951733,0.71884215,0.16644903,0.02821218,1.5735261855718146,0.13907264,0.8636411,0.1584
0.12000000000000009,2.37406,1.8740838,12.507861413969033,-0.719626,0.69436187,0.16726556,0.05408853,1.4179355071216493,0.15925437,0.9889697,0.1584
0.1400000000000001,2.413805,2.1260955,12.566855698482387,-0.7466479,0.6652194,0.16857456,0.077390864,0.942401732146262,0.16139945,1.0022906,0.1584
0.16000000000000011,2.458584,2.3761404,12.121770743204621,-0.7756774,0.63112956,0.1702731,0.09282792,0.7357350529416624,0.16820367,1.0445448,0.1584
0.18000000000000013,2.5082726,2.6152735,11.206787857742606,-0.80606705,0.5918242,0.17224742,0.104907,0.7484266979742227,0.18150257,1.127131,0.1584
0.20000000000000015,2.5625744,2.8351307,10.395899821064095,-0.83700025,0.5472025,0.174466,0.117307544,0.6404163531222029,0.18870026,1.1718286,0.1584
0.22000000000000017,2.6211178,3.0370548,10.718760081164074,-0.86758316,0.49729216,0.17691596,0.12805612,-0.12138810164407449,0.16296248,1.011997,0.1584
0.24000000000000019,2.6837258,3.2396555,12.143055190772762,-0.89699745,0.44203565,0.17945911,0.12635136,-1.4567386300490741,0.09760926,0.6061535,0.1584
0.2600000000000002,2.7505875,3.4607685,17.25014980527819,-0.92452645,0.38111794,0.18175454,0.10276727,-4.608878774317645,-0.07359231,-0.45700827,0.1584
0.2800000000000002,2.8226638,3.7609916,21.971423138533037,-0.9495718,0.31354964,0.18307328,0.02740197,-7.481228848785554,-0.2839175,-1.7631276,0.1584
0.3000000000000002,2.9014657,4.1322417,21.31535799923602,-0.97130775,0.23782597,0.18242596,-0.094886824,-7.772899547465756,-0.42513227,-2.6400714,0.1584
0.32000000000000023,2.987537,4.4835167,20.69219746068159,-0.98815686,0.15344709,0.17928952,-0.22136505,-8.192598639358781,-0.5790941,-3.5961745,0.1584
0.34000000000000025,3.0804775,4.814419,19.193822782505276,-0.99813306,0.06107714,0.17356,-0.3540793,-8.331589817869556,-0.7298663,-4.5324697,0.1584
0.36000000000000026,-3.1034498,5.1098375,15.73799790459906,-0.99927264,-0.038133584,0.16515766,-0.4884216,-7.706636832138228,-0.85128564,-5.286484,0.1584
0.3800000000000003,-2.9988976,5.3376856,9.456823024676478,-0.98983634,-0.14221133,0.1541715,-0.6120066,-5.8906448832823175,-0.91082686,-5.6562347,0.1584
0.4000000000000003,-2.890847,5.453082,5.251901925115711,-0.96872765,-0.24812639,0.14100519,-0.705673,-5.092981683501787,-0.9867634,-6.127801,0.1584
0.4200000000000003,-2.781207,5.4914002,-4.020606476450855,-0.9357609,-0.35263506,0.12609252,-0.7864078,-1.8021897327052885,-0.93469936,-5.804483,0.1584
0.44000000000000034,-2.6723092,5.3733225,-5.397008073428514,-0.89189255,-0.45224735,0.11008784,-0.81389356,-2.2733743411741587,-0.9964276,-6.187815,0.1584
0.46000000000000035,-2.5660248,5.227088,-9.773966099466174,-0.83888334,-0.5443113,0.0934551,-0.84964734,-1.0866552141096546,-0.9867397,-6.1276536,0.1584
0.48000000000000037,-2.4633827,5.0059547,-13.688114783192622,-0.7786971,-0.6274001,0.07629307,-0.86667037,0.10313328054771523,-0.9525432,-5.915293,0.1584
0.5000000000000003,-2.3658025,4.71843,-14.929136344889688,-0.7138679,-0.70028037,0.05897726,-0.8648357,-0.08202948480396056,-0.9597538,-5.960071,0.1584
0.5200000000000004,-2.2741876,4.4076095,-15.072308982064586,-0.64680773,-0.7626531,0.04166566,-0.8665434,-0.9275308336972575,-1.0,-6.21,0.1584
0.5400000000000004,-2.1888297,4.0913525,-17.08367733142083,-0.57943344,-0.81501955,0.024182007,-0.8825758,-0.31434557734537727,-0.98223543,-6.099682,0.1584
0.5600000000000004,-2.1101263,3.7407398,-20.452342729325995,-0.5135612,-0.85805297,0.006474359,-0.8888039,1.8560508005812675,-0.87494904,-5.4334335,0.1584
0.5800000000000004,-2.038973,3.3350234,-23.4564114554431,-0.45125997,-0.8923925,-0.0110095935,-0.8592589,4.446666029677318,-0.7070096,-4.3905296,0.1584
0.6000000000000004,-1.9764124,2.8804479,-24.663769270803844,-0.39458492,-0.9188595,-0.027484946,-0.78666383,5.8541657590279215,-0.5523177,-3.4298928,0.1584
0.6200000000000004,-1.9231392,2.4055638,-24.9094279213161,-0.3450977,-0.93856674,-0.042280037,-0.6904299,6.481511260429198,-0.41283622,-2.563713,0.1584
0.6400000000000005,-1.8794085,1.9257008,-25.17633924629206,-0.30373663,-0.95275605,-0.055047385,-0.5834342,7.333790176897621,-0.2522164,-1.5662638,0.1584
0.6600000000000005,-1.8453228,1.4406133,-23.36605370425039,-0.2710912,-0.9625537,-0.065535136,-0.46187744,4.811091458525251,-0.24900988,-1.5463513,0.1584
0.6800000000000005,-1.8206587,0.983619,-24.009961157352464,-0.2472706,-0.96894646,-0.073998004,-0.38213804,6.247868553405594,-0.09022555,-0.56030065,0.1584
0.7000000000000005,-1.8052404,0.5155412,-22.39587654538111,-0.2323023,-0.9726436,-0.08063188,-0.27808073,3.3216692052591568,-0.12945226,-0.8038985,0.1584
0.7200000000000005,-1.7989289,0.073359,-21.37454799752115,-0.22615884,-0.97409046,-0.08565682,-0.22269423,1.296474674750085,-0.17456523,-1.08405,0.1584
0.7400000000000005,-1.801297,-0.35193086,-20.204165897040102,-0.22846493,-0.97355217,-0.08990065,-0.20095967,-1.0271755270096177,-0.270706,-1.6810843,0.1584
0.7600000000000006,-1.8119787,-0.7571364,-18.972035182894803,-0.23885094,-0.9710562,-0.09408501,-0.2179134,-3.2325571930823154,-0.40156505,-2.4937189,0.1584
0.7800000000000006,-1.8305587,-1.1405405,-17.545655554801204,-0.25685084,-0.96645105,-0.09896469,-0.27161285,-5.367580461162418,-0.567244,-3.5225852,0.1584
0.8000000000000006,-1.8565655,-1.4982505,-16.890468454630685,-0.2818955,-0.9594451,-0.10526343,-0.3609171,-5.699512126660276,-0.6785472,-4.213778,0.1584
0.8200000000000006,-1.8896115,-1.8433834,-17.65388114466055,-0.31344163,-0.9496075,-0.11340128,-0.4556456,-3.679575241159833,-0.6772531,-4.205742,0.1584
0.8400000000000006,-1.9296807,-2.2006845,-16.24511401195726,-0.3512299,-0.93628925,-0.123105615,-0.51639783,-4.74529042720874,-0.7977733,-4.954172,0.1584
0.8600000000000007,-1.976653,-2.5317812,-16.75606933004276,-0.39480597,-0.91876453,-0.1341972,-0.59492147,-3.177480695465293,-0.8041745,-4.9939237,0.1584
0.8800000000000007,-2.0303235,-2.870197,-16.47086146589496,-0.44352436,-0.8962623,-0.14660476,-0.64710337,-2.615979697606332,-0.83482915,-5.184289,0.1584
0.9000000000000007,-2.0907035,-3.2015066,-19.68721978017355,-0.4967996,-0.8678653,-0.15996484,-0.68985814,1.218497115389862,-0.69377387,-4.308336,0.1584
0.9200000000000007,-2.1582315,-3.5866423,-14.412745636629142,-0.554228,-0.8323649,-0.17355852,-0.6683658,-2.654940459692817,-0.869612,-5.4002905,0.1584
0.9400000000000007,-2.2325659,-3.8758864,-14.736149277239468,-0.6145138,-0.78890604,-0.18735099,-0.7119366,-1.451336952242599,-0.8587737,-5.332985,0.1584
0.9600000000000007,-2.3502645,-8.916253,16.267753319918207,-0.7029013,-0.71128744,-0.19461696,0.6169687,-20.40788089830895,-0.53669256,-3.3328607,0.1584
0.9800000000000008,-2.525819,-8.620382,-0.4633923768728901,-0.81632686,-0.5775902,-0.18561785,0.26917648,-6.525805195303874,-0.17811535,-1.1060964,0.1584
1.0000000000000007,-2.6982641,-8.620353,-15.531068388849146,-0.9033289,-0.42894858,-0.18131986,0.15468009,3.403712568523759,0.20465142,1.2708853,0.1584
1.0200000000000007,-2.8731275,-8.867368,-14.96270609219294,-0.96417916,-0.2652519,-0.17771253,0.20465203,4.586502251272244,0.34543568,2.1451557,0.1584
1.0400000000000007,-3.0527248,-9.08437,-19.814834139516034,-0.9960539,-0.088750884,-0.17292765,0.27206284,8.426115440727955,0.63300866,3.9309838,0.1584
1.0600000000000007,3.0458636,-9.359995,-15.132405328972164,-0.99542147,0.09558288,-0.16618991,0.40072873,8.084384807323977,0.8032905,4.988434,0.1584
1.0800000000000007,2.856625,-9.5378065,-7.911035523400906,-0.9596708,0.28112632,-0.15694162,0.5225335,6.817223661644279,0.9312235,5.782898,0.1584
1.1000000000000008,2.6650667,-9.583527,2.749296847548588,-0.8885938,0.4586949,-0.14545825,0.6240717,3.795060259565139,0.95418626,5.9254966,0.1584
1.1200000000000008,2.4743197,-9.451471,10.153733577530828,-0.7855122,0.6188462,-0.13241418,0.6785845,1.9467784577517668,0.9671946,6.0062785,0.1584
1.1400000000000008,2.287393,-9.199076,23.906318988481004,-0.6568223,0.7540454,-0.11855802,0.7059576,-5.307066845092709,0.66982967,4.159642,0.1584
1.1600000000000008,2.107624,-8.736918,25.93726949171432,-0.51141256,0.85933536,-0.10529473,0.61791396,-6.63956984077966,0.5101222,3.1678588,0.1584
1.1800000000000008,1.9374024,-8.244972,26.977188176840812,-0.35844907,0.9335493,-0.09399589,0.50969136,-8.798759336861794,0.27356377,1.6988311,0.1584
1.2000000000000008,1.7771561,-7.741116,24.8658173152262,-0.20489828,0.97878325,-0.08520405,0.36655772,-8.513996620696915,0.11600584,0.7203963,0.1584
1.2200000000000009,1.6266489,-7.27204,22.58682600090456,-0.055823542,0.9984406,-0.07922865,0.22821306,-9.104659200889067,-0.08219058,-0.5104035,0.1584
1.2400000000000009,1.4851432,-6.843147,19.964278638382986,0.085548446,0.996334,-0.076117314,0.07971518,-7.871534542935471,-0.19606198,-1.2175449,0.1584
1.260000000000001,1.3517977,-6.457123,16.355677970622022,0.21725227,0.97611547,-0.075778335,-0.048510686,-9.815319015837046,-0.4477883,-2.7807653,0.1584
1.280000000000001,1.2255538,-6.1377,13.398930749058028,0.33842495,0.94099337,-0.07832231,-0.20990969,-9.295332200228012,-0.60326385,-3.7462685,0.1584
1.300000000000001,1.105209,-5.8698096,14.200578111537915,0.4489477,0.893558,-0.08401212,-0.3629741,-5.138924133928415,-0.56535214,-3.5108368,0.1584
1.320000000000001,0.9903725,-5.5852113,14.925696506025735,0.5483784,0.8362303,-0.09208935,-0.44636476,-2.56469615779342,-0.537098,-3.3353786,0.1584
1.340000000000001,0.88134253,-5.2892513,14.858670975099654,0.63611585,0.7715936,-0.10141821,-0.4868231,-1.2559329653323639,-0.5275507,-3.27609,-0.029846732491024573
1.360000000000001,0.7782015,-4.9980664,22.87139616945211,0.7121772,0.7019997,-0.11134623,-0.5057424,5.027630964487681,-0.25623268,-1.591205,-0.029846732491024573
1.380000000000001,0.6821878,-4.572122,30.38380273282783,0.77619517,0.6304927,-0.12063738,-0.41997108,9.984877016720386,0.052146014,0.32382676,-0.029846732491024573
1.400000000000001,0.59589165,-4.0238757,31.782913024226207,0.8276484,0.56124693,-0.12741636,-0.252341,10.973557820584368,0.25490087,1.5829344,-0.029846732491024573
1.420000000000001,0.5207464,-3.4593885,33.80969373606359,0.8674481,0.49752775,-0.13068926,-0.069324434,12.276878631544257,0.49124458,3.050629,-0.029846732491024573
1.440000000000001,0.4571825,-2.8673913,31.933387708192864,0.89729977,0.44142172,-0.13009724,0.13437185,11.527812470657041,0.65640116,4.076251,-0.029846732491024573
1.460000000000001,0.40512326,-2.31221,31.726996613668785,0.9190538,0.39413205,-0.12555625,0.3249207,11.665019902563,0.8523339,5.2929935,-0.029846732491024573
1.480000000000001,0.3641113,-1.7644066,22.661568728845896,0.9344406,0.356119,-0.11718534,0.5172081,7.409788705652714,0.85075635,5.283197,-0.029846732491024573
1.500000000000001,0.33258086,-1.3693557,21.796440832211445,0.9452029,0.32648355,-0.105653375,0.63907653,7.217285802449552,0.9655635,5.996149,-0.029846732491024573
1.5200000000000011,0.30880326,-0.9901416,11.079636432434818,0.952698,0.30391872,-0.09171573,0.7576386,2.2147806433592563,0.85817444,5.329263,-0.029846732491024573
1.5400000000000011,0.29088497,-0.78841823,11.939666903089364,0.95799047,0.28680015,-0.07620881,0.79391515,2.794616571495662,0.92203605,5.725844,-0.029846732491024573
1.5600000000000012,0.2771353,-0.5731776,7.258148343787963,0.9618432,0.27360138,-0.05988351,0.8397131,0.6783098459763638,0.8728495,5.4203954,-0.029846732491024573
1.5800000000000012,0.2669384,-0.43523765,4.4434719746144085,0.964583,0.2637795,-0.04298109,0.8507701,-0.5663685695124848,0.8279479,5.1415567,-0.029846732491024573
1.6000000000000012,0.25904784,-0.34381172,2.2950879538746847,0.96663433,0.25616026,-0.026056709,0.84141177,-1.5106866428208754,0.77585566,4.8180637,-0.029846732491024573
1.6200000000000012,0.2526403,-0.28791723,0.2584470916207229,0.9682558,0.24996132,-0.00947058,0.8165707,-2.413833788062313,0.7098115,4.4079294,-0.029846732491024573
1.6400000000000012,0.24702312,-0.26573265,5.532715583750012,0.9696446,0.24451853,0.0064742323,0.77692133,0.15167063166751787,0.7861316,4.8818774,-0.029846732491024573
1.6600000000000013,0.24269249,-0.15721485,0.63527207998731,0.9706944,0.24031708,0.022036707,0.7793706,-2.12944813773651,0.68529487,4.255681,-0.029846732491024573
1.6800000000000013,0.23974857,-0.129023,7.317775096676127,0.9713977,0.2374584,0.037283197,0.74441636,1.071580442602088,0.79504305,4.937217,-0.029846732491024573
1.7000000000000013,0.23843774,0.00879745,1.1276516989488732,0.9717081,0.23618485,0.052342895,0.7619752,-1.849512110092772,0.68048316,4.2258005,-0.029846732491024573
1.7200000000000013,0.23889485,0.045450162,-1.584118951176633,0.97160006,0.23662901,0.06728647,0.73164606,-3.139856086905451,0.59094304,3.6697562,-0.029846732491024573
1.7400000000000013,0.239652,0.037778743,-0.6483218185177776,0.97142065,0.23736458,0.081417024,0.68016106,-2.704045034014007,0.5581105,3.465866,-0.029846732491024573
1.7600000000000013,0.24040563,0.045490567,-0.7959271792761731,0.9712415,0.23809661,0.0945876,0.63582176,-2.7818579824822662,0.5092677,3.1625524,-0.029846732491024573
1.7800000000000014,0.24129039,0.050867513,-5.120557422318797,0.9710304,0.23895584,0.10685895,0.59020746,-4.843453361937257,0.36907995,2.2919865,-0.029846732491024573
1.8000000000000014,0.24159098,-0.014656584,-6.740479277417771,0.9709586,0.2392477,0.11788812,0.5107802,-5.616584356754541,0.2528736,1.570345,-0.029846732491024573
1.8200000000000014,0.24032032,-0.107048996,-8.751936018960913,0.9712618,0.23801376,0.12720494,0.4186552,-6.5581254427305185,0.11617609,0.72145355,-0.029846732491024573
1.8400000000000014,0.23687701,-0.23298898,-7.819162148315866,0.9720756,0.23466799,0.13452844,0.3110626,-6.078553740471208,0.028350284,0.17605527,-0.029846732491024573
1.8600000000000014,0.23105977,-0.34443063,-3.6941842704109784,0.97342426,0.22900926,0.13977668,0.21130902,-4.0619447282929135,0.018408692,0.114317976,-0.029846732491024573
1.8800000000000014,0.22366928,-0.38901204,-4.199856490836961,0.97509015,0.22180898,0.14335246,0.14461851,-4.222214949503999,-0.05646016,-0.3506176,-0.029846732491024573
1.9000000000000015,0.21530215,-0.44263488,-4.848016403990335,0.9769119,0.21364261,0.14556877,0.075293876,-4.438887338940561,-0.13650033,-0.84766704,-0.029846732491024573
1.9200000000000015,0.2057541,-0.5077522,-3.3056489536283564,0.97890717,0.20430541,0.14636388,0.0024086528,-3.6111464573295398,-0.1727788,-1.0729563,-0.029846732491024573
1.9400000000000015,0.19514532,-0.5485063,-3.3387230541753277,0.9810195,0.19390911,0.14583372,-0.056907162,-3.5155508446098023,-0.2283317,-1.4179399,-0.029846732491024573
1.9600000000000015,0.1837109,-0.5907597,-3.2080409493497744,0.98317254,0.18267928,0.1441325,-0.114658326,-3.335174019787638,-0.27840483,-1.728894,-0.029846732491024573
1.9800000000000015,0.1714467,-0.6318916,1.835432915046964,0.985339,0.17060801,0.1413051,-0.16945496,-0.8494841082737482,-0.22118123,-1.3735354,-0.029846732491024573
2.0000000000000013,0.15916145,-0.5912646,2.8174155259806084,0.98736054,0.15849032,0.13777947,-0.18349618,-0.2684264566718558,-0.20858346,-1.2953033,-0.029846732491024573
2.019999999999999,0.14784168,-0.5352769,1.1286115663559602,0.98909134,0.1473037,0.13406602,-0.18800405,-0.9430227823296333,-0.24304985,-1.5093396,-0.029846732491024573
2.039999999999997,0.13736776,-0.50764734,-2.423050581968377,0.9905799,0.13693614,0.13015452,-0.20356087,-2.4908159804210586,-0.3282313,-2.0383165,-0.029846732491024573
2.0599999999999947,0.12687416,-0.5389961,-3.5633611249068364,0.99196225,0.12653406,0.12568437,-0.24448144,-2.914684529739038,-0.3885025,-2.4126005,-0.029846732491024573
2.0799999999999925,0.11556599,-0.58998466,-0.24067993110206562,0.9933297,0.115308926,0.12032797,-0.2923531,-1.259076490274183,-0.36197236,-2.2478483,-0.029846732491024573
2.0999999999999903,0.103763916,-0.587512,-0.45729088774442955,0.99462134,0.103577815,0.11427891,-0.3131,-1.2420620244717808,-0.3817002,-2.3703582,-0.029846732491024573
2.119999999999988,0.091971695,-0.5894834,1.375350548527078,0.9957736,0.091842085,0.10781763,-0.33356708,-0.27691060178596294,-0.35838643,-2.2255797,-0.029846732491024573
2.139999999999986,0.08042823,-0.56229776,1.8372405914396714,0.9967674,0.08034155,0.10110136,-0.33822006,0.050493100570690654,-0.34771958,-2.1593387,-0.029846732491024573
2.1599999999999837,0.069498055,-0.5283107,2.3270088175048502,0.997586,0.06944212,0.094344415,-0.33750448,0.38437715845299186,-0.33131805,-2.057485,-0.029846732491024573
2.1799999999999815,0.059322044,-0.48699322,1.9348972303770484,0.99824095,0.059287257,0.087655194,-0.33131337,0.30350546436017006,-0.32806152,-2.037262,-0.029846732491024573
2.1999999999999793,0.049906217,-0.45272085,1.398078097912965,0.9987549,0.049885504,0.08107692,-0.32643995,0.14850215475040773,-0.32952833,-2.046371,-0.029846732491024573
2.219999999999977,0.041086696,-0.42783573,2.2036482020238557,0.99915606,0.041075137,0.074571356,-0.32409945,0.6068547664176596,-0.30597755,-1.9001206,-0.029846732491024573
2.239999999999975,0.032890495,-0.39032018,2.237600177051796,0.99945915,0.032884564,0.06818591,-0.31424677,0.7032645257453148,-0.2910999,-1.8077304,-0.029846732491024573
2.2599999999999727,0.025447348,-0.35272586,1.5834545137531244,0.9996762,0.025444603,0.062012978,-0.30280808,0.47511887621434695,-0.28926492,-1.7963351,-0.029846732491024573
2.2799999999999705,0.018649105,-0.32627478,1.5508805570776034,0.99982613,0.018648025,0.056032375,-0.29509893,0.5271048074043271,-0.2786545,-1.7304443,-0.029846732491024573
2.2999999999999683,0.012372348,-0.30077294,1.7758205786659913,0.99992347,0.012372033,0.05021429,-0.28653324,0.6926645660941718,-0.26208335,-1.6275376,-0.029846732491024573
2.319999999999966,0.0066394783,-0.27196246,2.4080808278981345,0.99997795,0.0066394294,0.044594023,-0.27525103,1.0406571406797636,-0.23455246,-1.4565707,-0.029846732491024573
2.339999999999964,0.0015821124,-0.2331109,2.4641206371472446,0.99999875,0.0015821117,0.039255068,-0.25826362,1.116638166793164,-0.21348718,-1.3257554,-0.029846732491024573
2.3599999999999617,-0.0026905644,-0.1935697,0.9986766091917749,0.99999636,-0.002690561,0.03426806,-0.24002396,0.4838032773894017,-0.22311558,-1.3855478,-0.029846732491024573
2.3799999999999595,-0.006407723,-0.17821477,1.1508168828304761,0.9999795,-0.006407679,0.029544706,-0.23214072,0.5906132779065073,-0.21003619,-1.3043247,-0.029846732491024573
2.3999999999999573,-0.009794702,-0.1605889,1.4379640524369102,0.999952,-0.009794545,0.024996113,-0.22250505,0.7564460641919493,-0.1925281,-1.1955996,-0.029846732491024573
2.419999999999955,-0.012784301,-0.13844416,1.5650712242531062,0.9999183,-0.012783953,0.020666765,-0.21014975,0.8447023155890998,-0.1757605,-1.0914726,-0.029846732491024573
2.439999999999953,-0.0153114665,-0.11435422,1.074041717318269,0.99988276,-0.015310869,0.016598657,-0.1963444,0.6435655032692303,-0.17057477,-1.0592693,-0.029846732491024573
2.4599999999999507,-0.017435903,-0.098407455,0.9815877519528412,0.999848,-0.01743502,0.01277453,-0.18582827,0.6220486788844194,-0.16068089,-0.9978283,-0.029846732491024573
2.4799999999999485,-0.019256739,-0.08407349,1.2897259758287056,0.99981457,-0.019255549,0.009157304,-0.17566124,0.7821674801152932,-0.14297973,-0.8879041,-0.029846732491024573
2.4999999999999463,-0.020742083,-0.06476924,0.3239681922790339,0.9997849,-0.020740597,0.005769035,-0.16286877,0.35189394126460377,-0.14921167,-0.9266045,-0.029846732491024573
2.519999999999944,-0.021995988,-0.06132937,0.6124576007848759,0.9997581,-0.021994215,0.0025678454,-0.1571193,0.4972320911887995,-0.13672082,-0.8490363,-0.029846732491024573
2.539999999999942,-0.023135422,-0.053243008,0.8767859234124024,0.9997324,-0.023133358,-0.00049511454,-0.14898878,0.6303844825698683,-0.12235419,-0.7598195,-0.029846732491024573
2.5599999999999397,-0.024071163,-0.04087794,1.2993321909887798,0.9997103,-0.024068838,-0.0033741659,-0.1386758,0.8345379042261988,-0.102572635,-0.63697606,-0.029846732491024573
2.5799999999999375,-0.02469215,-0.02160705,0.6313172656254901,0.9996952,-0.02468964,-0.006014302,-0.12501656,0.5329855219414086,-0.10217279,-0.63449305,-0.029846732491024573
2.5999999999999353,-0.02503439,-0.013253625,0.9043940345245375,0.99968666,-0.025031775,-0.008429444,-0.11629217,0.662351361066073,-0.08741738,-0.54286194,-0.029846732491024573
2.619999999999933,-0.02516585,-0.0004154232,0.6962713685461496,0.9996834,-0.025163194,-0.010649406,-0.10544725,0.5678897832698369,-0.080591686,-0.5004744,-0.029846732491024573
2.639999999999931,-0.0250736,0.009054691,0.7329239174660841,0.99968565,-0.025070973,-0.012667558,-0.096146755,0.5840173768615936,-0.07037463,-0.43702647,-0.029846732491024573
2.6599999999999286,-0.024785832,0.019172285,0.8135161716846621,0.99969286,-0.024783295,-0.014497109,-0.086580135,0.6184884280855704,-0.059071068,-0.36683133,-0.029846732491024573
2.6799999999999264,-0.024282476,0.030675407,-0.8626537502042473,0.9997052,-0.02428009,-0.016129803,-0.076446824,-0.15895247743615712,-0.08377505,-0.52024305,0.012143622373026505
2.6999999999999242,-0.023816643,0.014789209,-0.5092958783517311,0.9997164,-0.023814391,-0.017684115,-0.07904422,-0.0008664116577631029,-0.0793344,-0.49266663,0.012143622373026505
2.719999999999922,-0.023612179,0.004665019,-0.6481903400990123,0.9997212,-0.023609985,-0.019265125,-0.07905576,-0.06704457992148052,-0.08234013,-0.5113322,0.012143622373026505
2.73999999999992,-0.02363255,-0.007762387,-0.46886804809048366,0.99972075,-0.02363035,-0.020856954,-0.08015328,0.01563514933143302,-0.079736136,-0.4951614,0.012143622373026505
2.7599999999999176,-0.02387308,-0.017303724,-0.36927571244294083,0.99971503,-0.023870813,-0.02245753,-0.07989925,0.06376452907518636,-0.07729545,-0.48000476,0.012143622373026505
2.7799999999999154,-0.024288824,-0.02527089,-0.126921128887858,0.999705,-0.024286436,-0.024045343,-0.078858934,0.17944570306061708,-0.070998624,-0.44090146,0.012143622373026505
2.7999999999999132,-0.024825508,-0.029330691,-0.2151650732830791,0.99969184,-0.024822958,-0.025593862,-0.07592564,0.14397559870128,-0.06957049,-0.43203273,0.012143622373026505
2.819999999999911,-0.025457822,-0.034895297,-0.13473572999301311,0.999676,-0.025455073,-0.02708939,-0.07357415,0.1871764833894999,-0.065187015,-0.40481135,0.012143622373026505
2.839999999999909,-0.026188958,-0.039213497,-0.1672367644979999,0.9996571,-0.026185965,-0.02853099,-0.07051627,0.17930699856981702,-0.062376972,-0.387361,0.012143622373026505
2.8599999999999066,-0.027012063,-0.04413884,0.5566683428187728,0.9996352,-0.027008777,-0.029912693,-0.0675882,0.5210353130752059,-0.043945793,-0.27290338,0.012143622373026505
2.8799999999999044,-0.027818372,-0.03728202,0.6779739740718072,0.9996131,-0.027814785,-0.031181205,-0.059064277,0.5849799637285588,-0.032314707,-0.20067433,0.012143622373026505
2.899999999999902,-0.028468335,-0.028470308,0.4272431324475642,0.9995948,-0.02846449,-0.03226901,-0.04949161,0.4759031580897199,-0.027416112,-0.17025405,0.012143622373026505
2.9199999999999,-0.028982244,-0.0237819,0.33315748817351803,0.99958,-0.028978188,-0.03318279,-0.04170359,0.4376439009428686,-0.02115781,-0.13139,0.012143622373026505
2.939999999999898,-0.029417548,-0.020655796,0.6273856207298578,0.99956733,-0.029413305,-0.033946916,-0.034541216,0.5776141362671758,-0.007514209,-0.04666324,0.012143622373026505
2.9599999999998956,-0.029743392,-0.012727192,0.9055085180361643,0.9995577,-0.029739007,-0.034545418,-0.025085712,0.7091567014007994,0.0080848895,0.050207164,0.012143622373026505
2.9799999999998934,-0.02986615,-0.00023155287,0.4835309102638404,0.99955404,-0.02986171,-0.03493377,-0.013474099,0.5159973053605847,0.011246505,0.0698408,0.012143622373026505
2.999999999999891,-0.02980625,0.0053896676,0.6105812349556587,0.9995558,-0.029801838,-0.035120755,-0.0050235023,0.5740656451768378,0.022486817,0.13964313,0.012143622373026505
3.019999999999889,-0.029613456,0.013121617,0.5997760174754576,0.99956155,-0.029609127,-0.03512944,0.0043793377,0.5673019773412844,0.031771097,0.19729851,0.012143622373026505
3.039999999999887,-0.029267497,0.020723594,0.8861920594764261,0.99957174,-0.02926332,-0.03495114,0.0136730205,0.6960596398858737,0.047039803,0.29211718,0.012143622373026505
3.0599999999998846,-0.028723374,0.03307902,0.8019770492255721,0.99958754,-0.028719425,-0.03456637,0.025077142,0.6520655823109341,0.056669734,0.35191905,0.012143622373026505
3.0799999999998824,-0.027945105,0.044147514,1.499896204176474,0.9996096,-0.027941467,-0.033960536,0.035763305,0.9663276120191396,0.0816912,0.50730234,0.012143622373026505
3.09999999999988,-0.026833268,0.06676286,1.2792619063308732,0.99964,-0.026830047,-0.03309072,0.051598903,0.8540081730521448,0.09273472,0.5758826,0.012143622373026505
3.119999999999878,-0.025303429,0.08594166,1.4489815909456347,0.99967986,-0.025300728,-0.03192212,0.06559963,0.9174833387169401,0.10979895,0.6818515,0.012143622373026505
3.139999999999876,-0.023361787,0.10810064,1.015081975847494,0.99972713,-0.023359662,-0.030463336,0.080644004,0.6987054148996503,0.11519018,0.715331,0.012143622373026505
3.1599999999998736,-0.021045031,0.12338909,0.5828183746024217,0.99977857,-0.021043478,-0.028738622,0.092109784,0.4769195537410102,0.116770044,0.725142,0.012143622373026505
3.1799999999998714,-0.018490301,0.13183407,0.33457662536957933,0.99982905,-0.018489247,-0.026820032,0.09994629,0.3375394411232297,0.11834236,0.7349061,0.012143622373026505
3.199999999999869,-0.015805094,0.13644198,0.44541991065226644,0.9998751,-0.015804436,-0.024766987,0.10550178,0.3623363158618639,0.12497333,0.77608436,0.012143622373026505
3.219999999999867,-0.013008747,0.14309317,-0.027225244793437773,0.99991536,-0.01300838,-0.022598865,0.111464396,0.11715779460672004,0.11985289,0.7442865,0.012143622373026505
3.2399999999998648,-0.010153616,0.14224009,-0.7394390859588696,0.99994844,-0.010153442,-0.020350678,0.113412865,-0.23909570223897023,0.10562729,0.6559455,0.012143622373026505
3.2599999999998626,-0.0074282424,0.12992904,-0.6799792766639048,0.9999724,-0.007428174,-0.018120483,0.109526455,-0.2386028995119938,0.101520434,0.6304419,0.012143622373026505
3.2799999999998604,-0.0049386877,0.11875167,-0.9534899589581212,0.9999878,-0.0049386676,-0.015967952,0.10564561,-0.3892285999308839,0.09062636,0.5627897,0.012143622373026505
3.299999999999858,-0.0027156037,0.10323646,-1.021870399893232,0.9999963,-0.0027156004,-0.013917133,0.099295534,-0.4427715004157953,0.0815995,0.5067329,0.012143622373026505
3.319999999999856,-0.0008131527,0.08670725,-0.7969036053165897,0.99999964,-0.0008131526,-0.0120018935,0.09206536,-0.35800129809150594,0.077922806,0.48390064,0.012143622373026505
3.3399999999998538,0.0007951373,0.073943526,-0.8659490041243412,0.9999997,0.00079513725,-0.010217724,0.08622012,-0.4057827461753929,0.0697072,0.4328817,0.012143622373026505
3.3599999999998515,0.0021375155,0.060118902,-0.4762717946158759,0.99999774,0.0021375138,-0.008558112,0.079589695,-0.2395767705347879,0.07034404,0.43683648,0.012143622373026505
3.3799999999998493,0.0032659853,0.05272771,-0.2646839042728661,0.9999947,0.0032659795,-0.0070045516,0.07567852,-0.15324807106715704,0.07017234,0.43577024,0.012143622373026505
3.399999999999847,0.004280787,0.048861057,-0.2340339902082456,0.9999908,0.004280774,-0.0055154217,0.073179714,-0.14913551717804374,0.067746356,0.42070487,0.012143622373026505
3.419999999999845,0.0052235057,0.04555899,0.1502077331059472,0.99998635,0.005223482,-0.0040756143,0.07074747,0.018641497996033082,0.07276451,0.4518676,0.012143622373026505
3.4399999999998427,0.0061619617,0.048614286,-0.7224981055967242,0.999981,0.0061619226,-0.0026576314,0.0710624,-0.392699833065508,0.05450308,0.3384641,0.012143622373026505
3.4599999999998405,0.0070224307,0.037449542,-0.30627094733579263,0.9999753,0.007022373,-0.0012991123,0.06464104,-0.20948964180836038,0.056147918,0.34867856,0.012143622373026505
3.4799999999998383,0.0077262875,0.033127315,-0.23077337594419328,0.99997014,0.0077262106,-3.974099e-05,0.061217986,-0.1816656320851472,0.053864628,0.33449933,0.012143622373026505
3.499999999999836,0.008355979,0.030078903,-0.629568808319027,0.9999651,0.008355882,0.0011556126,0.05824973,-0.3716728543082573,0.042238377,0.2623003,0.012143622373026505
3.519999999999834,0.008861125,0.020529376,-0.6682478814765922,0.9999607,0.008861009,0.002261219,0.052168917,-0.39459422069424455,0.034967206,0.21714635,0.012143622373026505
3.5399999999998317,0.0091691,0.010344951,-0.579689134588723,0.999958,0.009168971,0.0032415336,0.045710705,-0.35695218284529956,0.030050265,0.18661214,0.012143622373026505
3.5599999999998295,0.009287454,0.0015934277,-0.42678222413952677,0.99995685,0.009287321,0.00409869,0.039866872,-0.28777333843967756,0.027192382,0.1688647,0.012143622373026505
3.5799999999998273,0.009255084,-0.0046790573,-0.29911332994548945,0.99995714,0.009254952,0.00485002,0.03515422,-0.2287103632276367,0.025042813,0.15551586,0.012143622373026505
3.599999999999825,0.009117529,-0.00888748,0.012520684120881408,0.99995846,0.009117402,0.0055165333,0.031407584,-0.08380455950974584,0.027752485,0.17234293,0.012143622373026505
3.619999999999823,0.008945488,-0.008015811,-0.24407099518213823,0.99996,0.008945369,0.0061312765,0.03003334,-0.2003547741608627,0.021109907,0.13109252,0.012143622373026505
3.6399999999998207,0.008749794,-0.011359794,-0.17172996202106794,0.99996173,0.008749682,0.0066999006,0.026750414,-0.16514488667611368,0.019355452,0.120197356,0.012143622373026505
3.6599999999998185,0.008498629,-0.013547024,0.02443241703972746,0.9999639,0.008498526,0.0072084926,0.024043452,-0.07231098822915022,0.020787945,0.12909314,0.012143622373026505
3.6799999999998163,0.008234935,-0.012547289,-0.8982306968160966,0.9999661,0.008234842,0.007677785,0.022856463,-0.49491780801856644,0.00055625994,0.0034543741,0.012143622373026505
3.699999999999814,0.00784359,-0.026687915,-0.6289672689360797,0.99996924,0.00784351,0.008055772,0.0147482185,-0.36719352565836993,-0.001946803,-0.012089646,0.012143622373026505
3.719999999999812,0.0072120107,-0.036504008,-0.2649835579349337,0.999974,0.0072119483,0.008291999,0.00872888,-0.1933986254027328,-0.00022755805,-0.0014131354,0.012143622373026505
3.7399999999998097,0.006441829,-0.040443406,0.28139033629503035,0.99997926,0.006441784,0.008435612,0.005553895,0.06589307778394968,0.008255249,0.051265094,0.012143622373026505
3.7599999999998075,0.005679818,-0.035502557,0.3577340092941305,0.99998385,0.005679787,0.008557178,0.0066247545,0.10862225408867722,0.011318464,0.07028766,0.012143622373026505
3.7799999999998053,0.0050286176,-0.029348476,0.6228786772888185,0.99998736,0.005028596,0.008706998,0.00839645,0.2372887282040778,0.018961614,0.11775162,0.012143622373026505
3.799999999999803,0.004542759,-0.01887276,0.44117073882228325,0.9999897,0.0045427433,0.008912831,0.012276719,0.1584689182002771,0.019402374,0.12048874,0.012143622373026505
3.819999999999801,0.0042373813,-0.011369368,0.2173286831053793,0.999991,0.0042373687,0.009183679,0.014868258,0.05841882243827637,0.017560275,0.10904931,0.012143622373026505
3.8399999999997987,0.0040463107,-0.0075274184,0.15855413502447818,0.99999183,0.0040462995,0.009490371,0.015822738,0.033263582610457,0.017413268,0.10813639,0.012143622373026505
3.8599999999997965,0.0039226846,-0.004647606,-0.25235007353780464,0.9999923,0.0039226743,0.009812134,0.016366027,-0.15484157916314373,0.009502706,0.059011806,0.012143622373026505
3.8799999999997943,0.0037909532,-0.008500796,0.42338195423195396,0.9999928,0.003790944,0.010114695,0.0138291335,0.15779681670735166,0.021002188,0.13042359,0.012143622373026505
3.899999999999792,0.0036900796,-0.0013037357,0.33897566557711833,0.9999932,0.0036900712,0.010416497,0.016411819,0.11999353968416637,0.02194275,0.13626447,0.012143622373026505
3.91999999999979,0.0037197662,0.0045319907,0.4690573477805957,0.9999931,0.0037197575,0.010763915,0.018376866,0.17973362834133386,0.026638547,0.16542538,0.012143622373026505
3.9399999999997877,0.003887113,0.0125266295,0.13426661917251717,0.99999243,0.0038871032,0.011160194,0.021321557,0.023924491065924213,0.022617672,0.14045574,0.012143622373026505
3.9599999999997855,0.004161062,0.015079701,0.051162084796317786,0.99999136,0.00416105,0.011590464,0.021716084,-0.01702344900833443,0.02116014,0.13140447,0.012143622373026505
3.9799999999997833,0.004472957,0.016302332,-0.22187875398643844,0.99999,0.004472942,0.012022082,0.021440502,-0.1458929622010141,0.0150558995,0.093497135,0.012143622373026505
3.999999999999781,0.0047658007,0.013078493,-0.0037231026959613704,0.9999886,0.0047657825,0.012427586,0.019054558,-0.048278321423614476,0.0169993,0.10556566,0.012143622373026505
