# This is CartPole simulation from 11.02.2022 at time 23:54:23
# Done with git-revision: 3b31c7399b8bada4a1c8a63c80884127a6e6ebe4
#
#
# Time intervals dt:
# Simulation: 0.002 s
# Controller update: 0.02 s
# Saving: 0.02 s
#
# Units:
# time: s
# deltaTimeMs: ms
# angle_raw
# angle: rad
# angleD: rad/s
# angle_cos:
# angle_sin:
# position_raw
# position: m
# positionD: m/s
# angleTarget: rad
# angleErr: rad
# target_position: m
# positionErr: m
# angleCmd:
# positionCmd:
# actualMotorSave:
# Q: normed motor power
# stickControl
# stickPos
# measurement
# angle_squared
# position_squared
# Q_squared
# sent
# latency
# pythonLatency
# additionalLatency
# invalid_steps
# frozen
#
#
time,deltaTimeMs,angle_raw,angleD_raw,angle,angleD,angle_cos,angle_sin,position_raw,position,positionD,angleTarget,angleErr,target_position,positionErr,angleCmd,positionCmd,actualMotorSave,Q,stickControl,stickPos,measurement,angle_squared,position_squared,Q_squared,sent,latency,pythonLatency,additionalLatency,invalid_steps,frozen
11206.030950546265,39.99999999996362,1940,-88.0,-2.155510561891455,-3.3747577333514798,-0.5519611141330119,-0.833869851046939,-181,0.014701287553648069,0.0,NA,NA,0.0,NA,NA,NA,3887,-0.8229851,False,0.0," Step Response (State:idle, Speed:-0.5, Q:0.0)",4.646225782425617,0.00021612785573504761,0.6773044956716525,2457.94541,0.03104,0.02949070930480957,0.0,1,0
11206.051094532013,19.99999999998181,1883,-57.0,-2.2429474668009366,-4.371845245478053,-0.6226706591034952,-0.7824840255823878,-181,0.014701287553648069,0.0,NA,NA,0.0,NA,NA,NA,3157,-0.73298573,False,0.0," Step Response (State:idle, Speed:-0.5, Q:0.0)",5.030813338828739,0.00021612785573504761,0.5372680876249092,2457.96541,0.01826,0.016414880752563477,0.0,1,0
11206.071239233017,19.99999999998181,1817,-66.0,-2.344190198801389,-5.06213660002722,-0.6985677217079029,-0.7155439456719831,-165,0.013341630901287555,-0.0679828326180875,NA,NA,0.0,NA,NA,NA,3269,-0.7589387,False,0.0," Step Response (State:idle, Speed:-0.5, Q:0.0)",5.495227688156495,0.000177999115106191,0.575987995534323,2457.98541,0.01309,0.011202096939086914,0.0,2,0
11206.09156036377,20.000000000436557,1748,-69.0,-2.450034873165498,-5.292233718089944,-0.7702534944529557,-0.6377378413447101,-125,0.009942489270386266,-0.16995708154135467,NA,NA,0.0,NA,NA,NA,3185,-0.6599519,False,0.0," Step Response (State:idle, Speed:-0.5, Q:0.0)",6.002670879727079,9.885309289174602e-05,0.43553654367775607,2458.00541,0.01397,0.012308597564697266,0.0,1,0
11206.11169052124,19.99999999998181,1676,-72.0,-2.5604814898932644,-5.522330836393331,-0.8358531893533139,-0.5489530452123326,-70,0.005268669527896996,-0.23369098712467604,NA,NA,0.0,NA,NA,NA,2735,-0.5553988,False,0.0," Step Response (State:idle, Speed:-0.5, Q:0.0)",6.556065460086031,2.7758878594190356e-05,0.30846785129098464,2458.02541,0.01438,0.012566089630126953,0.0,1,0
11206.132202386856,19.99999999998181,1597,-79.0,-2.68166597213623,-6.059224112153793,-0.896085044746978,-0.44388240850568333,-7,-8.49785407725322e-05,-0.26768240343371985,NA,NA,0.0,NA,NA,NA,2993,-0.61539125,False,0.0," Step Response (State:idle, Speed:-0.5, Q:0.0)",7.191332386113351,7.221352391828917e-09,0.3787063960228352,2458.04541,0.01348,0.011847257614135742,0.0,2,0
11206.152682304382,19.99999999998181,1514,-83.0,-2.808986377530738,-6.366020269731202,-0.945194585820278,-0.3265075725554202,60,-0.005778540772532189,-0.28467811158824174,NA,NA,0.0,NA,NA,NA,2181,-0.4269673,False,0.0," Step Response (State:idle, Speed:-0.5, Q:0.0)",7.890404469153259,3.339153345981691e-05,0.18230106931229617,2458.06541,0.01437,0.012604475021362305,0.0,2,0
11206.1728246212,19.99999999998181,1426,-88.0,-2.9439766868646746,-6.7495154667029595,-0.9805374265288329,-0.19633225709550028,127,-0.011472103004291846,-0.28467811158824174,NA,NA,0.0,NA,NA,NA,1688,-0.31242356,False,0.0," Step Response (State:idle, Speed:-0.5, Q:0.0)",8.666998732802707,0.000131609147341082,0.09760847899544789,2458.08541,0.01347,0.011502504348754883,0.0,1,0
11206.19311618805,19.99999999998181,1335,-91.0,-3.083568938562268,-6.9796125848860155,-0.9983170964865232,-0.05799116193626207,189,-0.016740772532188843,-0.26343347639508946,NA,NA,0.0,NA,NA,NA,-999,0.3114644,False,0.0," Step Response (State:idle, Speed:-0.5, Q:0.0)",9.508397398866032,0.00028025346497448844,0.09701007190631916,2458.10541,0.01433,0.01249384880065918,0.0,1,0
11206.21344089508,19.99999999998181,1239,-96.0,3.0523542129802967,-7.363107781857774,-0.996020892045838,0.08912004605145274,230,-0.020224892703862664,-0.1742060085838495,NA,NA,0.0,NA,NA,NA,-1552,0.4399308,False,0.0," Step Response (State:idle, Speed:-0.5, Q:0.0)",9.316866241498566,0.00040904628488275724,0.19353910581754974,2458.12541,0.01335,0.011348247528076172,0.0,1,0
11206.2337372303,19.99999999998181,1135,-104.0,2.89282021104019,-7.976700097012589,-0.9692153941821491,0.2462143774850311,243,-0.02132961373390558,-0.055236051502196015,NA,NA,0.0,NA,NA,NA,-1897,0.51989454,False,0.0," Step Response (State:idle, Speed:-0.5, Q:0.0)",8.36840877340261,0.0004549524220376135,0.2702903330440485,2458.14541,0.01427,0.012336492538452148,0.0,1,0
11206.253891706467,19.99999999998181,1027,-108.0,2.727150285948541,-8.283496254589997,-0.9153410099554172,0.4026795692530189,232,-0.020394849785407728,0.046738197424935075,NA,NA,0.0,NA,NA,NA,-1785,0.49410072,False,0.0," Step Response (State:idle, Speed:-0.5, Q:0.0)",7.437348682149208,0.00041594989776934567,0.24413552119849502,2458.16541,0.01345,0.011452913284301758,0.0,1,0
11206.274209022522,19.99999999998181,916,-111.0,2.5568784184932345,-8.513593372773052,-0.8338698510469389,0.551961114133012,208,-0.018355364806866954,0.10197424892713143,NA,NA,0.0,NA,NA,NA,-2037,0.38032892,False,0.0," Step Response (State:idle, Speed:-0.5, Q:0.0)",6.537627246956464,0.00033691941719316996,0.14465009002314932,2458.18541,0.01419,0.012463569641113281,0.0,1,0
11206.29425406456,19.99999999998181,810,-106.0,2.3942764549773567,-8.130098175801292,-0.7335156146286679,0.6796725999302368,175,-0.015551072961373391,0.14021459227480565,NA,NA,0.0,NA,NA,NA,-1106,0.16439635,False,0.0," Step Response (State:idle, Speed:-0.5, Q:0.0)",5.732559742858939,0.00024183587024995858,0.02702615845169376,2458.20541,0.01489,0.013034820556640625,0.0,3,0
11206.314822435379,19.99999999998181,708,-102.0,2.237810414613021,-7.823302018223885,-0.6186427996022318,0.7856723786033927,139,-0.012491845493562232,0.15296137339069707,NA,NA,0.0,NA,NA,NA,-620,0.051536795,False,0.0," Step Response (State:idle, Speed:-0.5, Q:0.0)",5.007795451750501,0.00015604620383503106,0.002656041213297669,2458.22541,0.01317,0.011398077011108398,0.0,1,0
11206.335095643997,19.99999999998181,617,-91.0,2.098218162915427,-6.9796125848860155,-0.5033072055238167,0.8641075493639704,108,-0.009857510729613734,0.13171673819754473,NA,NA,0.0,NA,NA,NA,471,-0.20189676,False,0.0," Step Response (State:idle, Speed:-0.5, Q:0.0)",4.4025194591881895,9.717051778444988e-05,0.0407623004416644,2458.24541,0.01571,0.013764619827270508,0.0,2,0
11206.355484485626,19.99999999998181,531,-86.0,1.9662958151572623,-6.596117387914256,-0.38526916682884593,0.9228042420204877,89,-0.008242918454935622,0.08072961373397901,NA,NA,0.0,NA,NA,NA,1856,-0.52341455,False,0.0," Step Response (State:idle, Speed:-0.5, Q:0.0)",3.8663192327049627,6.794570465471827e-05,0.2739627934670388,2458.26541,0.01414,0.012223005294799805,0.0,1,0
11206.375517606735,19.99999999998181,460,-71.0,1.8573831792173818,-5.445631796998979,-0.2826799380831677,0.9592142891999141,90,-0.008327896995708154,-0.004248927038630469,NA,NA,0.0,NA,NA,NA,2923,-0.7712911,False,0.0," Step Response (State:idle, Speed:-0.5, Q:0.0)",3.449872274439669,6.935386837112491e-05,0.5948899256711435,2458.28541,0.01563,0.013673543930053711,0.0,0,0
11206.395907402039,19.99999999998181,400,-60.0,1.7653443319442435,-4.6019423636611085,-0.19332308668945117,0.9811351508089305,115,-0.01045236051502146,-0.1062231759657619,NA,NA,0.0,NA,NA,NA,3703,-0.7802335,False,0.0," Step Response (State:idle, Speed:-0.5, Q:0.0)",3.1164406103276674,0.00010925184033597969,0.608764318248646,2458.30541,0.01379,0.011985540390014648,0.0,1,0
11206.416121006012,19.99999999998181,350,-50.0,1.6886452925499613,-3.834951969717591,-0.11757636661039667,0.9930638438764637,163,-0.014531330472103005,-0.2039484978542627,NA,NA,0.0,NA,NA,NA,3258,-0.6769264,False,0.0," Step Response (State:idle, Speed:-0.5, Q:0.0)",2.8515229240511446,0.00021115956528946933,0.45822931640628894,2458.32541,0.0152,0.013329505920410156,0.0,1,0
11206.436382293701,19.99999999998181,314,-36.0,1.6334219841860778,-2.7611654181966654,-0.06258472939541013,0.9980396543457095,228,-0.020054935622317596,-0.27618025751098074,NA,NA,0.0,NA,NA,NA,3126,-0.64629644,False,0.0," Step Response (State:idle, Speed:-0.5, Q:0.0)",2.6680673784223834,0.00040220044281530327,0.4176990903666855,2458.34541,0.01406,0.01219797134399414,0.0,1,0
11206.45675945282,19.99999999998181,286,-28.0,1.5904705221252806,-2.147573103041851,-0.019672926126825748,0.9998064692617309,301,-0.026258369098712448,-0.3101716738200247,NA,NA,0.0,NA,NA,NA,1647,-0.30290458,False,0.0," Step Response (State:idle, Speed:-0.5, Q:0.0)",2.5295964817494627,0.0006895019477242168,0.09175118220000034,2458.36541,0.01481,0.012889385223388672,0.0,0,0
11206.476933956146,19.99999999998181,269,-17.0,1.5643928487312246,-1.303883669703981,0.0064034343018255745,0.9999794978044011,372,-0.03229184549356223,-0.3016738197427636,NA,NA,0.0,NA,NA,NA,413,-0.016515177,False,0.0," Step Response (State:idle, Speed:-0.5, Q:0.0)",2.4473249851613965,0.0010427632853800954,0.00027275106286141215,2458.38541,0.01516,0.013244867324829102,0.0,0,0
11206.497180461884,19.99999999998181,263,-6.0,1.5551889640039107,-0.4601942363661109,0.015606729166375862,0.9998782075856676,430,-0.0372206008583691,-0.2464377682405674,NA,NA,0.0,NA,NA,NA,-2111,0.5696917,False,0.0," Step Response (State:idle, Speed:-0.5, Q:0.0)",2.418612713759557,0.0013853731282580265,0.32454865313014025,2458.40541,0.0144,0.012612104415893555,0.0,0,0
11206.517577409744,19.99999999998181,268,5.0,1.5628588679433388,0.3834951969717591,0.007937375504198946,0.9999684985388817,458,-0.0396,-0.11896995708165349,NA,NA,0.0,NA,NA,NA,-3765,0.95372254,False,0.0," Step Response (State:idle, Speed:-0.5, Q:0.0)",2.4425278411091345,0.0015681600000000003,0.9095866767498286,2458.42541,0.01517,0.013405323028564453,0.0,3,0
11206.537825107574,19.99999999998181,279,11.0,1.5797326566100809,0.8436894333378699,-0.008936210876102168,0.9999600712704372,445,-0.03849527896995708,0.05523605150219636,NA,NA,0.0,NA,NA,NA,-3938,0.9937757,False,0.0," Step Response (State:idle, Speed:-0.5, Q:0.0)",2.4955552663603435,0.00148188650297482,0.9875901923241059,2458.44541,0.01451,0.01267552375793457,0.0,0,0
11206.558110237122,19.99999999998181,298,19.0,1.6088782915799076,1.4572817484926843,-0.038072760812786745,0.9992749696075112,397,-0.03441630901287554,0.20394849785426253,NA,NA,0.0,NA,NA,NA,-4696,0.99780357,False,0.0," Step Response (State:idle, Speed:-0.5, Q:0.0)",2.588489357117082,0.0011844823260697382,0.9956119619898942,2458.46541,0.01522,0.013274908065795898,0.0,0,0
11206.578295946121,19.99999999998181,329,31.0,1.656431696004363,2.377670221224906,-0.08553074094328686,0.9963355320140361,323,-0.028127896995708158,0.3144206008586551,NA,NA,0.0,NA,NA,NA,-4692,0.99685425,False,0.0," Step Response (State:idle, Speed:-0.5, Q:0.0)",2.7437659635278906,0.000791178589401168,0.9937183870957291,2458.48541,0.01561,0.013760089874267578,0.0,2,0
11206.598578929901,20.000000000436557,364,35.0,1.71012102358036,2.6844663787412757,-0.13887438683150186,0.9903100043330747,230,-0.020224892703862664,0.3951502145836494,NA,NA,0.0,NA,NA,NA,-4705,0.9998055,False,0.0," Step Response (State:idle, Speed:-0.5, Q:0.0)",2.924513915291538,0.00040904628488275724,0.9996110579145387,2458.50541,0.01526,0.01340627670288086,0.0,1,0
11206.618881464005,19.99999999998181,410,46.0,1.7806841398230997,3.5281558121401835,-0.2083501762078536,0.9780542950542962,125,-0.011302145922746781,0.4461373390561999,NA,NA,0.0,NA,NA,NA,-4700,0.99858123,False,0.0," Step Response (State:idle, Speed:-0.5, Q:0.0)",3.1708360058175327,0.0001277385024590617,0.9971644741873185,2458.52541,0.01577,0.013874053955078125,0.0,2,0
11206.639227867126,19.99999999998181,465,55.0,1.86505308315681,4.21844716668935,-0.290028632779971,0.957017968571009,12,-0.001699570815450644,0.4801287553652436,NA,NA,0.0,NA,NA,NA,-4704,0.9995482,False,0.0," Step Response (State:idle, Speed:-0.5, Q:0.0)",3.478423002992723,2.888540956731567e-06,0.9990965977113433,2458.54541,0.0152,0.01339101791381836,0.0,0,0
11206.659279823303,19.99999999998181,530,65.0,1.9647618343693765,4.985437560632867,-0.3838531501179843,0.9233941515650292,-104,0.00815793991416309,0.49287553648113497,NA,NA,0.0,NA,NA,NA,-4702,0.9991408,False,0.0," Step Response (State:idle, Speed:-0.5, Q:0.0)",3.8602890657945172,6.655198364309529e-05,0.9982823363174056,2458.56541,0.01602,0.014095783233642578,0.0,1,0
11206.679597854614,19.99999999998181,603,73.0,2.0767424318850285,5.599029875787682,-0.4846352306938474,0.8747163501217531,-221,0.018100429184549356,0.4971244635197654,NA,NA,0.0,NA,NA,NA,-4700,0.99861014,False,0.0," Step Response (State:idle, Speed:-0.5, Q:0.0)",4.312859128391742,0.0003276255366648861,0.9972222095001513,2458.58541,0.01535,0.013683319091796875,0.0,1,0
11206.699966192245,19.99999999998181,683,80.0,2.1994608949158803,6.135923151548146,-0.5880651672353663,0.8088135502601578,-341,0.028297854077253222,0.509871244635657,NA,NA,0.0,NA,NA,NA,-4669,0.9914948,False,0.0," Step Response (State:idle, Speed:-0.5, Q:0.0)",4.8376282282641645,0.0008007685453775168,0.9830618884922302,2458.60541,0.01612,0.014354467391967773,0.0,1,0
11206.720199108124,19.99999999998181,771,88.0,2.3344512042498167,6.7495154667029595,-0.6915660246609787,0.7223132516675923,-460,0.03841030042918455,0.5056223175970262,NA,NA,0.0,NA,NA,NA,-4557,0.9655523,False,0.0," Step Response (State:idle, Speed:-0.5, Q:0.0)",5.449662425023419,0.0014753511790602148,0.9322911868986274,2458.62541,0.01649,0.014693498611450195,0.0,1,0
11206.740573644638,19.99999999998181,865,94.0,2.478645398311067,7.2097097030690716,-0.7881817911772752,0.6154424945164106,-579,0.048522746781115886,0.5056223175970266,NA,NA,0.0,NA,NA,NA,-4322,0.91096354,False,0.0," Step Response (State:idle, Speed:-0.5, Q:0.0)",6.143683010568628,0.002354456955184292,0.8298545626623763,2458.64541,0.01502,0.013231277465820312,0.0,1,0
11206.760883808136,19.99999999998181,964,99.0,2.6305094963117455,7.59320490004083,-0.8722152230463744,0.4891222798914023,-697,0.058550214592274684,0.5013733905583959,NA,NA,0.0,NA,NA,NA,-3954,0.8255219,False,0.0," Step Response (State:idle, Speed:-0.5, Q:0.0)",6.919580210186273,0.0034281276288014154,0.6814863848407562,2458.66541,0.01582,0.013962984085083008,0.0,2,0
11206.78105521202,19.99999999998181,1067,103.0,2.7885095174639662,7.900001057618237,-0.9383110491972689,0.345792387068195,-812,0.06832274678111588,0.4886266094425044,NA,NA,0.0,NA,NA,NA,-359,-0.009124884,False,0.0," Step Response (State:idle, Speed:-0.5, Q:0.0)",7.775785328987122,0.004667997727716481,8.326351498286547e-05,2458.68541,0.01624,0.014410734176635742,0.0,2,0
11206.801202774048,19.99999999998181,1172,105.0,2.9495775001919586,8.053399136406941,-0.9816216618489824,0.1908373993452074,-911,0.07673562231759658,0.4206437768244172,NA,NA,0.0,NA,NA,NA,3682,-0.94744074,False,0.0," Step Response (State:idle, Speed:-0.5, Q:0.0)",8.700007429638644,0.005888355732468826,0.8976439623421726,2458.70541,0.01674,0.01490926742553711,0.0,1,0
11206.821643352509,19.99999999998181,1290,118.0,3.1305872331624642,9.050486648533514,-0.9999394409718514,0.011005198267243594,-960,0.08089957081545066,0.20819742489289325,NA,NA,0.0,NA,NA,NA,3837,-0.98349065,False,0.0," Step Response (State:idle, Speed:-0.5, Q:0.0)",9.800576424439813,0.006544740558124116,0.9672538505442141,2458.72541,0.01585,0.014122724533081055,0.0,2,0
11206.841940879822,19.99999999998181,1421,131.0,-2.9516465908041027,10.047574160660089,-0.9820144202115233,-0.18880592812892757,-950,0.08004978540772532,-0.04248927038630521,NA,NA,0.0,NA,NA,NA,3849,-0.9862082,False,0.0," Step Response (State:idle, Speed:-0.5, Q:0.0)",8.712217597005482,0.006407968143822875,0.9726066146441212,2458.74541,0.01625,0.014421463012695312,0.0,1,0
11206.862233877182,19.99999999998181,1553,132.0,-2.749161126803198,10.12427320005444,-0.9239818882739353,-0.3824362301635827,-905,0.07622575107296138,-0.19120171673837102,NA,NA,0.0,NA,NA,NA,4580,-0.9837447,False,0.0," Step Response (State:idle, Speed:-0.5, Q:0.0)",7.55788690112583,0.005810365126637073,0.9677535971626448,2458.76541,0.01626,0.01446986198425293,0.0,2,0
11206.882501840591,19.99999999998181,1694,141.0,-2.5328698357113226,10.814564554603605,-0.8203790052221698,-0.5718201533617744,-836,0.07036223175965665,-0.29317596566550297,NA,NA,0.0,NA,NA,NA,4612,-0.9913409,False,0.0," Step Response (State:idle, Speed:-0.5, Q:0.0)",6.415429604656302,0.004950843658199635,0.9827567316861519,2458.78541,0.01561,0.013736248016357422,0.0,2,0
11206.902461767197,19.99999999998181,1823,129.0,-2.334986314074075,9.894176081871384,-0.6919524425473139,-0.7219430844968364,-749,0.06296909871244635,-0.36965665236085127,NA,NA,0.0,NA,NA,NA,2959,-0.60752374,False,0.0," Step Response (State:idle, Speed:-0.5, Q:0.0)",5.452161086913235,0.003965107392657813,0.36908509385913035,2458.80541,0.01627,0.014338493347167969,0.0,1,0
11206.923020124435,19.99999999998181,1951,128.0,-2.138636773224713,9.817477042477032,-0.5378126615576629,-0.8430643753998046,-656,0.05506609442060086,-0.3951502145926339,NA,NA,0.0,NA,NA,NA,4250,-0.90716916,False,0.0," Step Response (State:idle, Speed:-0.5, Q:0.0)",4.5737672477890134,0.0030322747547385297,0.8229558907101229,2458.82541,0.01591,0.01430964469909668,0.0,1,0
11206.943177223206,19.99999999998181,2066,115.0,-1.9622289826178645,8.82038953035046,-0.3815131008513858,-0.9243634317078756,-561,0.046993133047210305,-0.403648068669895,NA,NA,0.0,NA,NA,NA,2476,-0.49535733,False,0.0," Step Response (State:idle, Speed:-0.5, Q:0.0)",3.8503425802255395,0.0022083545535928092,0.24537888895568827,2458.84541,0.01663,0.014832496643066406,0.0,1,0
11206.963611364365,19.99999999998181,2170,104.0,-1.802694980677758,7.976700097012589,-0.2298257669895456,-0.9732317898772456,-468,0.03909012875536481,-0.3951502145926343,NA,NA,0.0,NA,NA,NA,2926,-0.5998335,False,0.0," Step Response (State:idle, Speed:-0.5, Q:0.0)",3.249709193360782,0.0015280381661109987,0.35980021388331807,2458.86541,0.01591,0.014219522476196289,0.0,2,0
11206.983909606934,19.99999999998181,2265,95.0,-1.6569668058286218,7.286408742463423,-0.08606387760373795,-0.9962896210298533,-382,0.03178197424892704,-0.36540772532222054,NA,NA,0.0,NA,NA,NA,3401,-0.71015143,False,0.0," Step Response (State:idle, Speed:-0.5, Q:0.0)",2.7455389956179057,0.0010100938871594617,0.5043150591337167,2458.88541,0.01561,0.013727426528930664,0.0,1,0
11207.004191875458,19.99999999998181,2353,88.0,-1.5219764964946854,6.7495154667029595,0.04880043994381607,-0.9988085487526075,-294,0.024303862660944208,-0.3739055793994818,NA,NA,0.0,NA,NA,NA,3549,-0.74445224,False,0.0," Step Response (State:idle, Speed:-0.5, Q:0.0)",2.316412455882237,0.0005906777402420381,0.5542091347866176,2458.90541,0.01603,0.014231681823730469,0.0,1,0
11207.024358987808,19.99999999998181,2425,72.0,-1.4115298797669191,5.522330836393331,0.15859398030685265,-0.9873438860956347,-204,0.01665579399141631,-0.38240343347674277,NA,NA,0.0,NA,NA,NA,3133,-0.64792806,False,0.0," Step Response (State:idle, Speed:-0.5, Q:0.0)",1.9924166014748133,0.00027741547348449964,0.41981076977052467,2458.92541,0.0167,0.014756917953491211,0.0,1,0
11207.044844150543,19.99999999998181,2484,59.0,-1.3210250132816665,4.525243324266757,0.24718237560944012,-0.9689689743165535,-113,0.00892274678111588,-0.38665236051537305,NA,NA,0.0,NA,NA,NA,3208,-0.6652891,False,0.0," Step Response (State:idle, Speed:-0.5, Q:0.0)",1.7451070857158273,7.961541011991381e-05,0.4426095918809416,2458.94541,0.01587,0.014045953750610352,0.0,0,0
11207.06497836113,19.99999999998181,2538,54.0,-1.2381900507358417,4.141748127294998,0.3265075725554201,-0.945194585820278,-22,0.0011896995708154507,-0.38665236051537316,NA,NA,0.0,NA,NA,NA,3113,-0.6433261,False,0.0," Step Response (State:idle, Speed:-0.5, Q:0.0)",1.533114601741226,1.4153850687984675e-06,0.41386847568546514,2458.96541,0.0158,0.013827323913574219,0.0,1,0
11207.085224866867,19.99999999998181,2580,42.0,-1.173762857644645,3.2213596545627765,0.38668427696414265,-0.9222121610284253,69,-0.0065433476394849786,-0.38665236051537316,NA,NA,0.0,NA,NA,NA,3114,-0.6435054,False,0.0," Step Response (State:idle, Speed:-0.5, Q:0.0)",1.3777192459861234,4.281539833115364e-05,0.41409919269753814,2458.98541,0.01568,0.01393747329711914,0.0,2,0
11207.105463981628,20.000000000436557,2615,35.0,-1.1200735300686473,2.6844663787412757,0.4356162606516733,-0.9001324755033858,159,-0.014191416309012876,-0.38240343346804784,NA,NA,0.0,NA,NA,NA,2615,-0.5275427,False,0.0," Step Response (State:idle, Speed:-0.5, Q:0.0)",1.254564712760441,0.00020139629685571664,0.27830131119516466,2459.00541,0.01601,0.014209747314453125,0.0,0,0
11207.125796079636,19.99999999998181,2642,27.0,-1.078656048795735,2.070874063647499,0.4725132464158736,-0.8813235682548901,247,-0.021669527896995708,-0.37390557939948166,NA,NA,0.0,NA,NA,NA,2476,-0.49542123,False,0.0," Step Response (State:idle, Speed:-0.5, Q:0.0)",1.1634988716036272,0.00046956843927867524,0.24544219592045025,2459.02541,0.01551,0.013765811920166016,0.0,1,0
11207.146085977554,19.99999999998181,2655,13.0,-1.0587142985532219,0.9970875121265736,0.4899932661976648,-0.8717262179612039,331,-0.028807725321888415,-0.35690987124495993,NA,NA,0.0,NA,NA,NA,1496,-0.26788512,False,0.0," Step Response (State:idle, Speed:-0.5, Q:0.0)",1.1208759659610406,0.000829885038221371,0.07176243683319061,2459.04541,0.01614,0.014301061630249023,0.0,1,0
11207.166242361069,19.99999999998181,2665,10.0,-1.0433744906743654,0.7669903939435182,0.5033072055238174,-0.8641075493639699,407,-0.03526609442060086,-0.32291845493591587,NA,NA,0.0,NA,NA,NA,-1255,0.3710582,False,0.0," Step Response (State:idle, Speed:-0.5, Q:0.0)",1.0886303277899914,0.001243697415682735,0.13768418469216304,2459.06541,0.01583,0.014134407043457031,0.0,1,0
11207.186527013779,19.99999999998181,2665,0.0,-1.0433744906743654,0.0,0.5033072055238174,-0.8641075493639699,458,-0.0396,-0.21669527897015436,NA,NA,0.0,NA,NA,NA,-3319,0.85015625,False,0.0," Step Response (State:idle, Speed:-0.5, Q:0.0)",1.0886303277899914,0.0015681600000000003,0.7227656453602016,2459.08541,0.01572,0.014025688171386719,0.0,2,0
11207.207014083862,19.99999999998181,2663,-2.0,-1.0464424522501368,-0.15339807878870362,0.5006537922642653,-0.8656476074543323,467,-0.04036480686695279,-0.038240343347674136,NA,NA,0.0,NA,NA,NA,-3956,0.99799,False,0.0," Step Response (State:idle, Speed:-0.5, Q:0.0)",1.0950418058712799,0.001629317633406399,0.9959840643888498,2459.10541,0.0153,0.01360321044921875,0.0,3,0
11207.227308988571,19.99999999998181,2657,-6.0,-1.0556463369774505,-0.4601942363661109,0.4926653785418966,-0.8702188372967857,434,-0.03756051502145923,0.1402145922748054,NA,NA,0.0,NA,NA,NA,-3921,0.98984593,False,0.0," Step Response (State:idle, Speed:-0.5, Q:0.0)",1.114389188773909,0.0014107922886772647,0.979794968166491,2459.12541,0.01659,0.01473379135131836,0.0,0,0
11207.247584342957,19.99999999998181,2645,-12.0,-1.074054106432078,-0.9203884727322218,0.4765640289611387,-0.8791397649408921,374,-0.0324618025751073,0.2549356223178285,NA,NA,0.0,NA,NA,NA,-4595,0.9743307,False,0.0," Step Response (State:idle, Speed:-0.5, Q:0.0)",1.1535922235436098,0.001053768626425243,0.9493203583383867,2459.14541,0.01567,0.013789653778076172,0.0,1,0
11207.267929315567,19.99999999998181,2627,-18.0,-1.1016657606140199,-1.3805827090983327,0.4521109546831176,-0.8919617058234731,293,-0.02557854077253219,0.3441630901290684,NA,NA,0.0,NA,NA,NA,-4493,0.95068204,False,0.0," Step Response (State:idle, Speed:-0.5, Q:0.0)",1.2136674481092669,0.0006542617480520917,0.9037963488396059,2459.16541,0.01628,0.014406204223632812,0.0,2,0
11207.288042545319,19.99999999998181,2602,-25.0,-1.140015280311161,-1.9174759848587954,0.41758061970705507,-0.9086398769837651,197,-0.0174206008583691,0.40789699570852556,NA,NA,0.0,NA,NA,NA,-4220,0.8873029,False,0.0," Step Response (State:idle, Speed:-0.5, Q:0.0)",1.2996348393429349,0.0003034773342666102,0.787306392903929,2459.18541,0.01611,0.014197826385498047,0.0,2,0
11207.308332443237,19.99999999998181,2568,-34.0,-1.1921706270992725,-2.607767339407962,0.3696438554444575,-0.9291735145451343,93,-0.008582832618025752,0.44188841201756923,NA,NA,0.0,NA,NA,NA,-3099,0.62694275,False,0.0," Step Response (State:idle, Speed:-0.5, Q:0.0)",1.4212708041182724,7.36650157490468e-05,0.39305721653205694,2459.20541,0.01622,0.014416933059692383,0.0,1,0
11207.328736066818,19.99999999998181,2525,-43.0,-1.2581318009783553,-3.298058693957128,0.30759506791233443,-0.9515173535968781,-12,0.0003399141630901288,0.4461373390561998,NA,NA,0.0,NA,NA,NA,-885,0.113086365,False,0.0," Step Response (State:idle, Speed:-0.5, Q:0.0)",1.5828956286330398,1.1554163826926267e-07,0.012788525985853172,2459.22541,0.01593,0.014159917831420898,0.0,1,0
11207.348972558975,19.99999999998181,2470,-55.0,-1.3425007443120656,-4.21844716668935,0.22631765913743762,-0.9740535494327561,-104,0.00815793991416309,0.3909012875540036,NA,NA,0.0,NA,NA,NA,2195,-0.6023064,False,0.0," Step Response (State:idle, Speed:-0.5, Q:0.0)",1.80230824847845,6.655198364309529e-05,0.3627730302846466,2459.24541,0.01615,0.014285802841186523,0.0,1,0
11207.369279146194,19.99999999998181,2405,-65.0,-1.442209495524632,-4.985437560632867,0.12823276938164901,-0.9917440984733475,-159,0.01283175965665236,0.23369098712467606,NA,NA,0.0,NA,NA,NA,3908,-0.9998526,False,0.0," Step Response (State:idle, Speed:-0.5, Q:0.0)",2.079968228981414,0.0001646540558860911,0.999705217154375,2459.26541,0.01544,0.013559818267822266,0.0,1,0
11207.389470338821,19.99999999998181,2329,-76.0,-1.5587920354039406,-5.829126993970737,0.01200400308394264,-0.9999279493593329,-162,0.013086695278969957,0.012746781115891408,NA,NA,0.0,NA,NA,NA,3908,-1.0,False,0.0," Step Response (State:idle, Speed:-0.5, Q:0.0)",2.42983260963876,0.00017126159332461456,1.0,2459.28541,0.01601,0.014117002487182617,0.0,1,0
11207.409692049026,19.99999999998181,2240,-89.0,-1.6953163255257628,-6.826214506097312,-0.1241984629014094,-0.9922573969555114,-124,0.009857510729613734,-0.16145922746795802,NA,NA,0.0,NA,NA,NA,3908,-0.99999297,False,0.0," Step Response (State:idle, Speed:-0.5, Q:0.0)",2.874097443594174,9.717051778444988e-05,0.999985933353301,2459.30541,0.01686,0.01506352424621582,0.0,1,0
11207.430027961731,19.99999999998181,2139,-101.0,-1.8502483851022125,-7.746602978829533,-0.275829004760311,-0.9612067208113645,-63,0.004673819742489271,-0.2591845493564589,NA,NA,0.0,NA,NA,NA,4646,-0.999052,False,0.0," Step Response (State:idle, Speed:-0.5, Q:0.0)",3.423419086573345,2.1844590985282473e-05,0.9981048749762103,2459.32541,0.01505,0.013190269470214844,0.0,1,0
11207.450312614441,19.99999999998181,2031,-108.0,-2.015918310193862,-8.283496254589997,-0.4305679806149472,-0.9025581499655113,16,-0.0020394849785407725,-0.3356652360518074,NA,NA,0.0,NA,NA,NA,4625,-0.9942303,False,0.0," Step Response (State:idle, Speed:-0.5, Q:0.0)",4.063926633374876,4.1594989776934554e-06,0.988493830551306,2459.34541,0.01581,0.013977766036987305,0.0,1,0
11207.470597982407,19.99999999998181,1916,-115.0,-2.1923261008007104,-8.82038953035046,-0.5822795302870059,-0.8129886522017044,110,-0.010027467811158798,-0.39939914163126455,NA,NA,0.0,NA,NA,NA,4494,-0.9638203,False,0.0," Step Response (State:idle, Speed:-0.5, Q:0.0)",4.806293732252047,0.00010055011070382582,0.9289495295264807,2459.36541,0.01606,0.014261007308959961,0.0,2,0
11207.491195678711,19.99999999998181,1790,-126.0,-2.385607680074301,-9.664078963688329,-0.7275961988281339,-0.6860056642993924,213,-0.018780257510729616,-0.43763948497893895,NA,NA,0.0,NA,NA,NA,4467,-0.9576264,False,0.0," Step Response (State:idle, Speed:-0.5, Q:0.0)",5.691124003229489,0.0003526980721693162,0.9170483265315887,2459.38541,0.0151,0.013249635696411133,0.0,1,0
11207.511087656021,19.99999999998181,1659,-131.0,-2.5865591632873204,-10.047574160660089,-0.8498827923027006,-0.5269717633306026,320,-0.02787296137339056,-0.4546351931334606,NA,NA,0.0,NA,NA,NA,4539,-0.97439325,False,0.0," Step Response (State:idle, Speed:-0.5, Q:0.0)",6.690288305185603,0.0007769019757225222,0.949442202835499,2459.40541,0.01541,0.01323080062866211,0.0,3,0
11207.531400203705,19.99999999998181,1522,-137.0,-2.796714531227653,-10.507768397026199,-0.941116664229124,-0.33808197868305007,430,-0.0372206008583691,-0.46738197424935196,NA,NA,0.0,NA,NA,NA,4465,-0.95700866,False,0.0," Step Response (State:idle, Speed:-0.5, Q:0.0)",7.821612169179912,0.0013853731282580265,0.9158655750080449,2459.42541,0.01626,0.014468669891357422,0.0,3,0
11207.551838159561,19.99999999998181,1381,-141.0,-3.0130058223195286,-10.814564554603605,-0.9917440984733475,-0.1282327693816491,542,-0.046738197424892707,-0.47587982832661324,NA,NA,0.0,NA,NA,NA,2679,-0.54244226,False,0.0," Step Response (State:idle, Speed:-0.5, Q:0.0)",9.078204085331379,0.0021844590985282473,0.2942436077910351,2459.44541,0.01509,0.013286113739013672,0.0,1,0
11207.57201886177,19.99999999998181,1235,-146.0,3.046218289828754,-11.198059751575364,-0.9954553119115228,0.09522983769351265,649,-0.05583090128755365,-0.4546351931334606,NA,NA,0.0,NA,NA,NA,77,0.061560355,False,0.0," Step Response (State:idle, Speed:-0.5, Q:0.0)",9.279445869287219,0.00311708953858056,0.003789677323344842,2459.46541,0.01516,0.013311147689819336,0.0,1,0
11207.59240603447,19.99999999998181,1089,-146.0,2.8222570947974503,-11.198059751575364,-0.9494442195172622,0.3139357800972309,735,-0.06313905579399141,-0.36540772532222054,NA,NA,0.0,NA,NA,NA,-1081,0.3305161,False,0.0," Step Response (State:idle, Speed:-0.5, Q:0.0)",7.965135109134545,0.003986540366556761,0.10924089231281187,2459.48541,0.01427,0.012416362762451172,0.0,2,0
11207.612760543823,20.000000000436557,936,-153.0,2.5875580342509474,-11.734953027069006,-0.8504087450258574,0.5261225773368277,788,-0.06764291845493563,-0.22519313304229518,NA,NA,0.0,NA,NA,NA,-2530,0.66686827,False,0.0," Step Response (State:idle, Speed:-0.5, Q:0.0)",6.695456580616627,0.0045755644171010705,0.44471328879058447,2459.50541,0.01591,0.013968467712402344,0.0,1,0
11207.632718801498,19.99999999998181,778,-158.0,2.345189069765016,-12.118448224307587,-0.6992821091640112,0.7148458098101519,802,-0.06883261802575108,-0.059484978540826745,NA,NA,0.0,NA,NA,NA,-1672,0.46781826,False,0.0," Step Response (State:idle, Speed:-0.5, Q:0.0)",5.499911772945301,0.004737929304278953,0.21885392456988484,2459.52541,0.01551,0.013701438903808594,0.0,2,0
11207.653225898743,19.99999999998181,621,-157.0,2.1043540860669703,-12.041749184913234,-0.5085997951552693,0.8610030478273686,790,-0.06781287553648069,0.05098712446356598,NA,NA,0.0,NA,NA,NA,45,0.069068074,False,0.0," Step Response (State:idle, Speed:-0.5, Q:0.0)",4.428306119546754,0.004598586088526221,0.004770398877340654,2459.54541,0.01376,0.012000799179077148,0.0,2,0
11207.673460960388,19.99999999998181,474,-147.0,1.8788589102477804,-11.274758790969717,-0.30321299824978293,0.9529228078351243,778,-0.06679313304721031,0.050987124463565285,NA,NA,0.0,NA,NA,NA,665,-0.24702595,False,0.0," Step Response (State:idle, Speed:-0.5, Q:0.0)",3.5301108046174767,0.004461322622262338,0.061021820834597174,2459.56541,0.01468,0.012822866439819336,0.0,1,0
11207.693631410599,19.99999999998181,337,-137.0,1.6687035423074477,-10.507768397026199,-0.09775087026233012,0.995210916018789,777,-0.06670815450643777,0.004248927038630729,NA,NA,0.0,NA,NA,NA,2565,-0.6880773,False,0.0," Step Response (State:idle, Speed:-0.5, Q:0.0)",2.784571512109424,0.004449977877654774,0.473450330845683,2459.58541,0.01604,0.014188051223754883,0.0,2,0
11207.713877439499,19.99999999998181,207,-130.0,1.4692860398823147,-9.970875121265735,0.10133604398600747,0.9948522534473478,794,-0.06815278969957082,-0.07223175965671824,NA,NA,0.0,NA,NA,NA,3854,-0.98725516,False,0.0," Step Response (State:idle, Speed:-0.5, Q:0.0)",2.158801466993055,0.004644802743833927,0.9746727431279432,2459.60541,0.01409,0.012242555618286133,0.0,1,0
11207.734123945236,19.99999999998181,94,-113.0,1.2959462108512367,-8.666991451561755,0.2714026817139263,0.9624658873739315,838,-0.07189184549356224,-0.186952789699741,NA,NA,0.0,NA,NA,NA,4270,-0.911875,False,0.0," Step Response (State:idle, Speed:-0.5, Q:0.0)",1.6794765814196781,0.005168437448470226,0.8315160330176354,2459.62541,0.01534,0.013544559478759766,0.0,1,0
11207.754411697388,19.99999999998181,2,-92.0,1.154819978365758,-7.056311624280367,0.404083210454023,0.9147222305318538,902,-0.0773304721030043,-0.27193133047235,NA,NA,0.0,NA,NA,NA,4129,-0.87920254,False,0.0," Step Response (State:idle, Speed:-0.5, Q:0.0)",1.3336091824326899,0.005980001915673526,0.7729971145879269,2459.64541,0.01391,0.012159109115600586,0.0,0,0
11207.774827003479,19.99999999998181,4093,-5.0,1.1471500744263303,-0.3834951969717591,0.41108708777704084,0.9115960762656844,985,-0.08438369098712446,-0.35266094420632904,NA,NA,0.0,NA,NA,NA,2870,-0.5868762,False,0.0," Step Response (State:idle, Speed:-0.5, Q:0.0)",1.3159532932563351,0.007120607304610511,0.34442369003145146,2459.66541,0.0138,0.011968374252319336,0.0,0,0
11207.794985055923,19.99999999998181,4070,-23.0,1.1118685163049604,-1.7640779060700917,0.4429871138820779,0.8965279788910254,1074,-0.09194678111587984,-0.3781545064381127,NA,NA,0.0,NA,NA,NA,-429,0.1792387,False,0.0," Step Response (State:idle, Speed:-0.5, Q:0.0)",1.236251597550194,0.008454210557571517,0.03212651402507394,2459.68541,0.01482,0.01290750503540039,0.0,1,0
11207.815368652344,19.99999999998181,3995,-75.0,0.9968199572135373,-5.752427954576386,0.5429754831455604,0.839748548497016,1145,-0.09798025751072963,-0.30167381974276375,NA,NA,0.0,NA,NA,NA,-2853,0.7420202,False,0.0," Step Response (State:idle, Speed:-0.5, Q:0.0)",0.9936500270991984,0.009600130861868889,0.5505939620146059,2459.70541,0.01369,0.011799812316894531,0.0,1,0
11207.835436105728,19.99999999998181,3931,-64.0,0.8986451867888564,-4.908738521238516,0.6226706591034954,0.7824840255823876,1174,-0.10044463519313306,-0.12321888412028352,NA,NA,0.0,NA,NA,NA,-3891,0.9829298,False,0.0," Step Response (State:idle, Speed:-0.5, Q:0.0)",0.8075631717387787,0.010089124739081584,0.9661510424133581,2459.72541,0.01351,0.011613607406616211,0.0,0,0
11207.855773687363,19.99999999998181,3885,-46.0,0.8280820705461168,-3.5281558121401835,0.6762898182660442,0.7366356505828923,1155,-0.09883004291845494,0.08072961373397901,NA,NA,0.0,NA,NA,NA,-3809,0.9637542,False,0.0," Step Response (State:idle, Speed:-0.5, Q:0.0)",0.685719915559944,0.009767377383263645,0.9288221138651807,2459.74541,0.01373,0.012087821960449219,0.0,1,0
11207.876230239868,19.99999999998181,3850,-35.0,0.7743927429701194,-2.6844663788023135,0.7148458098101519,0.6992821091640112,1102,-0.09432618025751073,0.22519313304741548,NA,NA,0.0,NA,NA,NA,-4141,0.8688442,False,0.0," Step Response (State:idle, Speed:-0.5, Q:0.0)",0.5996841203647854,0.008897428281972408,0.7548902631646435,2459.76541,0.01359,0.011909246444702148,0.0,0,0
11207.896367788315,19.99999999998181,3827,-23.0,0.7391111848487497,-1.7640779060700917,0.7390675842705932,0.6736312833297082,1029,-0.08812274678111588,0.31017167382002453,NA,NA,0.0,NA,NA,NA,-4340,0.91517115,False,0.0," Step Response (State:idle, Speed:-0.5, Q:0.0)",0.5462853435685227,0.00776561850024867,0.8375382271899525,2459.78541,0.01482,0.013101577758789062,0.0,0,0
11207.916702508926,19.99999999998181,3814,-13.0,0.7191694346062364,-0.9970875121265736,0.7523531318552525,0.658760020787231,939,-0.08047467811158798,0.38240343347674277,NA,NA,0.0,NA,NA,NA,-4227,0.8887806,False,0.0," Step Response (State:idle, Speed:-0.5, Q:0.0)",0.5172046756718537,0.006476173817163698,0.78993094404359,2459.80541,0.01348,0.011891603469848633,0.0,1,0
11207.936809539795,19.99999999998181,3807,-7.0,0.7084315690910369,-0.5368932757604628,0.75938329902969,0.6506435315553244,839,-0.07197682403433477,0.4248927038630473,NA,NA,0.0,NA,NA,NA,-4110,0.8617828,False,0.0," Step Response (State:idle, Speed:-0.5, Q:0.0)",0.5018752880847885,0.0051806631980695905,0.7426695758136361,2459.82541,0.01423,0.012463808059692383,0.0,1,0
11207.957181692123,19.99999999998181,3810,3.0,0.7130335114546937,0.23009711818305545,0.7563810445191863,0.6541312677835119,735,-0.06313905579399141,0.4418884120175695,NA,NA,0.0,NA,NA,NA,-4192,0.8806718,False,0.0," Step Response (State:idle, Speed:-0.5, Q:0.0)",0.5084167884574109,0.003986540366556761,0.7755828178760318,2459.84541,0.0129,0.011145591735839844,0.0,1,0
11207.977237224579,19.99999999998181,3818,8.0,0.7253053577577789,0.6135923151548145,0.7482968935211362,0.6633639718484999,627,-0.05396137339055794,0.458884120172091,NA,NA,0.0,NA,NA,NA,-2778,0.5523879,False,0.0," Step Response (State:idle, Speed:-0.5, Q:0.0)",0.5260678619921397,0.0029118298181952146,0.30513238455384695,2459.86541,0.01367,0.011955022811889648,0.0,0,0
11207.997659444809,19.99999999998181,3833,15.0,0.7483150695760635,1.1504855909152771,0.7328363435866415,0.6804049481878874,521,-0.04495364806866953,0.4503862660948303,NA,NA,0.0,NA,NA,NA,-2087,0.39195174,False,0.0," Step Response (State:idle, Speed:-0.5, Q:0.0)",0.5599754433546288,0.0020208304746817955,0.1536261663228835,2459.88541,0.01306,0.011473894119262695,0.0,0,0
11208.017916202545,19.99999999998181,3854,21.0,0.7805286661216619,1.6106798272813883,0.7105416386807507,0.7036551568068506,424,-0.03671072961373391,0.4121459227471558,NA,NA,0.0,NA,NA,NA,-880,0.11186803,False,0.0," Step Response (State:idle, Speed:-0.5, Q:0.0)",0.6092249986376608,0.0013476776687726798,0.012514456432073884,2459.90541,0.01424,0.012652873992919922,0.0,0,0
11208.038288116455,19.99999999998181,3880,26.0,0.8204121666066887,1.9941750242531473,0.6819197954521968,0.7314269564149478,341,-0.029657510729613736,0.3526609442063294,NA,NA,0.0,NA,NA,NA,308,-0.16417591,False,0.0," Step Response (State:idle, Speed:-0.5, Q:0.0)",0.6730761231162812,0.0008795679426771538,0.026953730323304947,2459.92541,0.01337,0.011698246002197266,0.0,1,0
11208.058615207672,19.99999999998181,3911,31.0,0.8679655710311435,2.377670221224906,0.6463801846623406,0.763015502382408,282,-0.024643776824034336,0.25068669527919796,NA,NA,0.0,NA,NA,NA,753,-0.26751083,False,0.0," Step Response (State:idle, Speed:-0.5, Q:0.0)",0.753364232495419,0.0006073157361528119,0.07156204489280427,2459.94541,0.01449,0.012726068496704102,0.0,0,0
11208.07872748375,19.99999999998181,3942,31.0,0.9155189754555985,2.377670221224906,0.6093791728021702,0.792878946469726,249,-0.021839484978540775,0.14021459227480557,NA,NA,0.0,NA,NA,NA,1280,-0.3898499,False,0.0," Step Response (State:idle, Speed:-0.5, Q:0.0)",0.8381749944192687,0.0004769631041279082,0.1519829454651358,2459.96541,0.01332,0.011610984802246094,0.0,0,0
11208.099024772644,19.99999999998181,3981,39.0,0.9753442261831383,2.991262536379721,0.5608831036463597,0.8278950078627283,239,-0.02098969957081545,0.042489270386304866,NA,NA,0.0,NA,NA,NA,1025,-0.33054814,False,0.0," Step Response (State:idle, Speed:-0.5, Q:0.0)",0.9512963595487849,0.00044056748807309035,0.10926207115604658,2459.98541,0.01335,0.01165771484375,0.0,2,0
11208.119258880615,20.000000000436557,4026,45.0,1.0443733616379922,3.451456772667355,0.5024438226411871,0.8646098571550704,246,-0.021584549356223177,-0.029742489269737105,NA,NA,0.0,NA,NA,NA,335,-0.17032519,False,0.0," Step Response (State:idle, Speed:-0.5, Q:0.0)",1.0907157184990404,0.0004658927709112344,0.029010670290241514,2460.00541,0.01426,0.012506961822509766,0.0,0,0
11208.13966345787,19.99999999998181,4075,49.0,1.1195384202443885,3.7582529303232386,0.4360978679917341,0.8998992441007293,255,-0.022349356223175968,-0.03824034334767431,NA,NA,0.0,NA,NA,NA,365,-0.005265403,False,0.0," Step Response (State:idle, Speed:-0.5, Q:0.0)",1.2533662744033012,0.0004994937235904144,2.7724469524117524e-05,2460.02541,0.01361,0.012004613876342773,0.0,0,0
11208.15985584259,19.99999999998181,4093,18.0,1.1471500744263303,1.3805827090983327,0.41108708777704084,0.9115960762656844,263,-0.023029184549356225,-0.03399141630904375,NA,NA,0.0,NA,NA,NA,-400,0.17237724,False,0.0," Step Response (State:idle, Speed:-0.5, Q:0.0)",1.3159532932563351,0.0005303433410083075,0.02971391412424773,2460.04541,0.01331,0.01166534423828125,0.0,0,0
11208.18026304245,19.99999999998181,4093,18.0,1.1471500744263303,1.3805827090983327,0.41108708777704084,0.9115960762656844,267,-0.023369098712446353,-0.016995708154521876,NA,NA,0.0,NA,NA,NA,-715,0.24570589,False,0.0," Step Response (State:idle, Speed:-0.5, Q:0.0)",1.3159532932563351,0.0005461147746320618,0.060371383238299936,2460.06541,0.01294,0.01115560531616211,0.0,6,1
11208.200414657593,19.99999999998181,22,12.5,1.1854995941234705,0.9587379924293977,0.3758341315842229,0.9266869512064648,263,-0.023029184549356225,0.016995708154521876,NA,NA,0.0,NA,NA,NA,-2252,0.60245633,False,0.0," Step Response (State:idle, Speed:-0.5, Q:0.0)",1.4054092876669133,0.0005303433410083075,0.36295363106688683,2460.08541,0.01402,0.012349605560302734,0.0,1,0
11208.22070813179,19.99999999998181,116,94.0,1.3296937881847208,7.2097097030690716,0.23877341935635046,0.9710753082067716,248,-0.02175450643776824,0.06373390557945713,NA,NA,0.0,NA,NA,NA,-4397,0.92824304,False,0.0," Step Response (State:idle, Speed:-0.5, Q:0.0)",1.7680855703370333,0.0004732585503508999,0.8616351432364269,2460.10541,0.0142,0.012454509735107422,0.0,2,0
11208.241072416306,19.99999999998181,217,101.0,1.484625847761171,7.746602978829533,0.08606387760373851,0.9962896210298533,209,-0.018440343347639485,0.16570815450658857,NA,NA,0.0,NA,NA,NA,-4482,0.94797915,False,0.0," Step Response (State:idle, Speed:-0.5, Q:0.0)",2.2041139078405756,0.0003400462627788318,0.898664473010772,2460.12541,0.0137,0.012075424194335938,0.0,1,0
11208.261204481125,19.99999999998181,330,113.0,1.6579656767922488,8.666991451561755,-0.08705899927724035,0.9962031573152363,142,-0.012746781115879829,0.2846781115882417,NA,NA,0.0,NA,NA,NA,-4613,0.97851497,False,0.0," Step Response (State:idle, Speed:-0.5, Q:0.0)",2.7488501854211798,0.00016248042881615061,0.9574915452398933,2460.14541,0.01409,0.012386322021484375,0.0,2,0
11208.281652927399,19.99999999998181,450,120.0,1.8420433713385256,9.203884727322217,-0.2679330942152636,0.9634375210797194,56,-0.00543862660944206,0.36540772532222077,NA,NA,0.0,NA,NA,NA,-4416,0.9327769,False,0.0," Step Response (State:idle, Speed:-0.5, Q:0.0)",3.3931237818922013,2.9578659396931243e-05,0.8700727973121047,2460.16541,0.01304,0.011390209197998047,0.0,1,0
11208.301738739014,19.99999999998181,579,129.0,2.039926892975773,9.894176081871384,-0.4521109546831171,0.8919617058234733,-40,0.00271931330472103,0.4078969957085255,NA,NA,0.0,NA,NA,NA,-4050,0.8478342,False,0.0," Step Response (State:idle, Speed:-0.5, Q:0.0)",4.16130172868579,7.394664849232811e-06,0.7188228806598005,2460.18541,0.01414,0.012505292892456055,0.0,1,0
11208.322083234787,19.99999999998181,713,134.0,2.245480318552449,10.277671278843144,-0.6246505756988113,0.7809043848507597,-141,0.011302145922746781,0.42914163090167784,NA,NA,0.0,NA,NA,NA,-3707,0.7682235,False,0.0," Step Response (State:idle, Speed:-0.5, Q:0.0)",5.042181861006408,0.0001277385024590617,0.5901673829708329,2460.20541,0.0128,0.011104106903076172,0.0,2,0
11208.342291116714,19.99999999998181,858,145.0,2.4679075327958673,11.121360712181014,-0.7815279404984934,0.623870241492719,-241,0.0198,0.42489270386304745,NA,NA,0.0,NA,NA,NA,-3745,0.7768648,False,0.0," Step Response (State:idle, Speed:-0.5, Q:0.0)",6.0905675904305845,0.0003920400000000001,0.6035189589313497,2460.22541,0.01367,0.01196432113647461,0.0,2,0
11208.362801790237,19.99999999998181,1006,148.0,2.694936689402942,11.351457830364069,-0.9018966053111439,0.4319519803499397,-341,0.028297854077253222,0.42489270386304745,NA,NA,0.0,NA,NA,NA,-4341,0.9153618,False,0.0," Step Response (State:idle, Speed:-0.5, Q:0.0)",7.2626837598900895,0.0008007685453775168,0.837887264537077,2460.24541,0.01311,0.011419534683227539,0.0,3,0
11208.382909536362,19.99999999998181,1157,151.0,2.9265677883736743,11.581554948547124,-0.9769710889749278,0.21337172096401077,-442,0.03688068669527897,0.4291416309016777,NA,NA,0.0,NA,NA,NA,-4537,0.96084124,False,0.0," Step Response (State:idle, Speed:-0.5, Q:0.0)",8.56479901994638,0.0013601850511153271,0.9232158855996921,2460.26541,0.01427,0.01239323616027832,0.0,1,0
11208.403042316437,19.99999999998181,1309,152.0,-3.123452439047295,11.658253987941475,-0.9998354708200159,-0.018139219666711195,-548,0.04588841201716738,0.4503862660948303,NA,NA,0.0,NA,NA,NA,-4630,0.9822731,False,0.0," Step Response (State:idle, Speed:-0.5, Q:0.0)",9.755955138990496,0.002105746357457312,0.964860446532839,2460.28541,0.0138,0.012218236923217773,0.0,1,0
11208.423329353333,19.99999999998181,1458,149.0,-2.8948893016523343,11.428156869758421,-0.9697227590049825,-0.24420845740425257,-660,0.05540600858369099,0.47587982832661324,NA,NA,0.0,NA,NA,NA,-3191,0.6483383,False,0.0," Step Response (State:idle, Speed:-0.5, Q:0.0)",8.38038406882114,0.0030698257871760396,0.4203425744199194,2460.30541,0.01337,0.011832952499389648,0.0,1,0
11208.443726539612,19.99999999998181,1599,141.0,-2.6785980105604588,10.814564554603605,-0.8947190155629849,-0.44662946968376716,-772,0.0649236051502146,0.47587982832661324,NA,NA,0.0,NA,NA,NA,191,-0.13698077,False,0.0," Step Response (State:idle, Speed:-0.5, Q:0.0)",7.174887302178448,0.004215074505700972,0.018763731902765812,2460.32541,0.01306,0.01138758659362793,0.0,1,0
11208.464018583298,19.99999999998181,1738,139.0,-2.4653746810443544,10.661166475814902,-0.779945264472561,-0.6258477326209841,-865,0.07282660944206008,0.39515021459263355,NA,NA,0.0,NA,NA,NA,3843,-0.9848442,False,0.0," Step Response (State:idle, Speed:-0.5, Q:0.0)",6.078072317934552,0.005303715042826355,0.9699181135656545,2460.34541,0.01366,0.011997699737548828,0.0,1,0
11208.48430466652,19.99999999998181,1877,139.0,-2.2521513515282505,10.661166475814902,-0.6298460767010893,-0.7767199750645309,-908,0.07648068669527898,0.18270386266111097,NA,NA,0.0,NA,NA,NA,3908,-1.0,False,0.0," Step Response (State:idle, Speed:-0.5, Q:0.0)",5.072185710190525,0.005849295437381423,1.0,2460.36541,0.01335,0.011711835861206055,0.0,1,0
11208.504653453827,19.99999999998181,2014,137.0,-2.041995983587918,10.507768397026199,-0.4539555351843001,-0.8910243386549751,-896,0.07546094420600859,-0.05098712446356598,NA,NA,0.0,NA,NA,NA,3908,-0.9999669,False,0.0," Step Response (State:idle, Speed:-0.5, Q:0.0)",4.169747596989188,0.005694354100462341,0.999933839938624,2460.38541,0.01318,0.011586189270019531,0.0,2,0
11208.524886369705,19.99999999998181,2149,135.0,-1.8349085772233562,10.354370318237494,-0.26105240460265666,-0.9653246303970343,-853,0.0718068669527897,-0.18270386266111027,NA,NA,0.0,NA,NA,NA,3261,-0.6776937,False,0.0," Step Response (State:idle, Speed:-0.5, Q:0.0)",3.366889486767841,0.005156226141575643,0.45926878440594976,2460.40541,0.01387,0.012125015258789062,0.0,1,0
11208.545082330704,19.99999999998181,2269,120.0,-1.6508308826770794,9.203884727322217,-0.07994913928377503,-0.9967989441847255,-791,0.06653819742489271,-0.2634334763950893,NA,NA,0.0,NA,NA,NA,43,0.06944299,False,0.0," Step Response (State:idle, Speed:-0.5, Q:0.0)",2.7252426032003854,0.004427331716553999,0.004822328504872075,2460.42541,0.01306,0.011295318603515625,0.0,1,0
11208.565347909927,19.99999999998181,2382,113.0,-1.477491053646002,8.666991451561755,0.0931699480765916,-0.9956502200950921,-738,0.0620343347639485,-0.22519313304741548,NA,NA,0.0,NA,NA,NA,673,-0.07694788,False,0.0," Step Response (State:idle, Speed:-0.5, Q:0.0)",2.182979813603973,0.0038482586896056293,0.005920976663015276,2460.44541,0.0135,0.011919498443603516,0.0,2,0
11208.585691452026,19.99999999998181,2483,101.0,-1.322558994069552,7.746602978829533,0.24569570557971077,-0.9693470071443394,-699,0.058720171673819745,-0.16570815450658838,NA,NA,0.0,NA,NA,NA,556,-0.049780175,False,0.0," Step Response (State:idle, Speed:-0.5, Q:0.0)",1.749162292794265,0.0034480585614028625,0.0024780658319747406,2460.46541,0.01302,0.011322975158691406,0.0,2,0
11208.606110811234,19.99999999998181,2576,93.0,-1.1798987807961874,7.133010663674718,0.38101841029978856,-0.9245674507642058,-667,0.05600085836909872,-0.135965665236175,NA,NA,0.0,NA,NA,NA,1253,-0.21139757,False,0.0," Step Response (State:idle, Speed:-0.5, Q:0.0)",1.3921611329243295,0.003136096138075854,0.04468893401905505,2460.48541,0.01389,0.012285232543945312,0.0,1,0
11208.626222372055,20.000000000436557,2660,84.0,-1.0510443946137937,6.442719308979062,0.49666484454642884,-0.8679424129466607,-640,0.05370643776824035,-0.1147210300404143,NA,NA,0.0,NA,NA,NA,2159,-0.42170617,False,0.0," Step Response (State:idle, Speed:-0.5, Q:0.0)",1.1046943194490761,0.0028843814577538735,0.17783609368422137,2460.50541,0.01433,0.012537002563476562,0.0,1,0
11208.646596431732,19.99999999998181,2732,72.0,-0.9405977778860274,5.522330836393331,0.5893051793087922,-0.8079105183371684,-609,0.051072103004291845,-0.13171673819754498,NA,NA,0.0,NA,NA,NA,2896,-0.5928676,False,0.0," Step Response (State:idle, Speed:-0.5, Q:0.0)",0.8847241797641325,0.002608359705280996,0.3514920063531122,2460.52541,0.01328,0.01147317886352539,0.0,1,0
11208.666732549667,19.99999999998181,2798,66.0,-0.8393550458855751,5.06213660002722,0.6679429476311636,-0.7442124822319178,-565,0.04733304721030043,-0.18695278969974066,NA,NA,0.0,NA,NA,NA,2217,-0.4353295,False,0.0," Step Response (State:idle, Speed:-0.5, Q:0.0)",0.7045168930535759,0.0022404173582125297,0.1895117708368197,2460.54541,0.01361,0.011682271957397461,0.0,0,0
11208.687001466751,19.99999999998181,2853,55.0,-0.7549861025518648,4.21844716668935,0.7282810668760885,-0.6852785474752775,-513,0.04291416309012876,-0.22094420600878475,NA,NA,0.0,NA,NA,NA,3539,-0.7422291,False,0.0," Step Response (State:idle, Speed:-0.5, Q:0.0)",0.5700040150464549,0.0018416253937261692,0.5509040428870691,2460.56541,0.01361,0.01180124282836914,0.0,2,0
11208.707314491272,19.99999999998181,2898,45.0,-0.6859569670970109,3.4514567727458316,0.7738132453281176,-0.633413815254109,-452,0.037730472103004294,-0.2591845493564589,NA,NA,0.0,NA,NA,NA,2251,-0.44322583,False,0.0," Step Response (State:idle, Speed:-0.5, Q:0.0)",0.47053696070892975,0.0014235885251155853,0.19644913708248257,2460.58541,0.01306,0.011345148086547852,0.0,1,0
11208.72771024704,19.99999999998181,2938,40.0,-0.6245977355815853,3.067961575774073,0.8111984176994139,-0.5847710040023933,-385,0.032036909871244634,-0.28467811158824186,NA,NA,0.0,NA,NA,NA,149,0.044920668,False,0.0," Step Response (State:idle, Speed:-0.5, Q:0.0)",0.39012233129364393,0.001026363594098252,0.002017866414100178,2460.60541,0.01322,0.011476516723632812,0.0,1,0
11208.747792959213,19.99999999998181,2972,34.0,-0.5724423887934735,2.607767339407962,0.8405804741250742,-0.5416866866738239,-330,0.027363090128755367,-0.2336909871246759,NA,NA,0.0,NA,NA,NA,356,-0.0032133113,False,0.0," Step Response (State:idle, Speed:-0.5, Q:0.0)",0.3276902884875783,0.0007487387013943894,1.0325369592455484e-05,2460.62541,0.01472,0.01282358169555664,0.0,2,0
11208.768122911453,19.99999999998181,3004,32.0,-0.523355003581133,2.454369260619258,0.8661472640601229,-0.49978887238629444,-290,0.02396394849785408,-0.16995708154521894,NA,NA,0.0,NA,NA,NA,-637,0.22759712,False,0.0," Step Response (State:idle, Speed:-0.5, Q:0.0)",0.2739004597734077,0.0005742708276078028,0.051800447859719156,2460.64541,0.01322,0.011552572250366211,0.0,0,0
11208.788355588913,19.99999999998181,3034,30.0,-0.47733557994456377,2.3009711818305543,0.8882221465738683,-0.4594142121612147,-267,0.02200944206008584,-0.09772532188850089,NA,NA,0.0,NA,NA,NA,-272,0.14288798,False,0.0," Step Response (State:idle, Speed:-0.5, Q:0.0)",0.22784925588101304,0.00048441553979627563,0.02041697475585469,2460.66541,0.01393,0.012282609939575195,0.0,1,0
11208.808715820312,19.99999999998181,3063,29.0,-0.43285013709588016,2.224272142436203,0.9077739204554752,-0.41945978274549345,-258,0.02124463519313305,-0.03824034334767431,NA,NA,0.0,NA,NA,NA,-1300,0.38131052,False,0.0," Step Response (State:idle, Speed:-0.5, Q:0.0)",0.18735924118392225,0.0004513345244893073,0.14539771461216233,2460.68541,0.01274,0.010982275009155273,0.0,0,0
11208.829281568527,19.99999999998181,3090,27.0,-0.3914326558229679,2.070874063647499,0.9243634317078756,-0.3815131008513858,-262,0.021584549356223177,0.016995708154521876,NA,NA,0.0,NA,NA,NA,-1807,0.4991614,False,0.0," Step Response (State:idle, Speed:-0.5, Q:0.0)",0.15321952404462202,0.0004658927709112344,0.249162095712955,2460.70541,0.01389,0.012202262878417969,0.0,2,0
11208.849484920502,19.99999999998181,3115,25.0,-0.35308313612582687,1.9174759848587954,0.9383110491972689,-0.3457923870681949,-279,0.023029184549356225,0.07223175965671806,NA,NA,0.0,NA,NA,NA,-3190,0.64813447,False,0.0," Step Response (State:idle, Speed:-0.5, Q:0.0)",0.12466770101644918,0.0005303433410083075,0.42007829118398377,2460.72541,0.01499,0.013264894485473633,0.0,2,0
11208.86960864067,19.99999999998181,3141,26.0,-0.31319963564080017,1.9941750242531473,0.9513526202320628,-0.30810419013312457,-314,0.02600343347639485,0.1487124463520665,NA,NA,0.0,NA,NA,NA,-3923,0.8181854,False,0.0," Step Response (State:idle, Speed:-0.5, Q:0.0)",0.09809401176552998,0.0006761785525612923,0.6694273308416463,2460.74541,0.01422,0.012459993362426758,0.0,1,0
11208.889956951141,19.99999999998181,3169,28.0,-0.2702481735800022,2.147573103041851,0.9637046709916426,-0.26697061094601765,-371,0.030847210300429185,0.242188841201937,NA,NA,0.0,NA,NA,NA,-4095,0.85820717,False,0.0," Step Response (State:idle, Speed:-0.5, Q:0.0)",0.073034075323327,0.0009515503833189044,0.7365195401083078,2460.76541,0.01383,0.012208223342895508,0.0,1,0
11208.910100698471,19.99999999998181,3197,28.0,-0.22729671151920428,2.147573103041851,0.9742791256058192,-0.22534459258824108,-447,0.037305579399141635,0.3229184549359162,NA,NA,0.0,NA,NA,NA,-3403,0.69755715,False,0.0," Step Response (State:idle, Speed:-0.5, Q:0.0)",0.05166379506744437,0.0013917062543056607,0.48658597935432013,2460.78541,0.01458,0.01284170150756836,0.0,2,0
11208.930514097214,19.99999999998181,3224,27.0,-0.18587923024629194,2.070874063647499,0.9827741393677323,-0.18481068959887884,-532,0.04452875536480687,0.36115879828359015,NA,NA,0.0,NA,NA,NA,-3609,0.7453591,False,0.0," Step Response (State:idle, Speed:-0.5, Q:0.0)",0.03455108823695401,0.0019828100543388166,0.5555602218713354,2460.80541,0.01382,0.012410640716552734,0.0,2,0
11208.95082616806,19.99999999998181,3253,29.0,-0.14139378739760836,2.224272142436203,0.9900205410229105,-0.1409231292325841,-621,0.05209184549356224,0.3781545064381124,NA,NA,0.0,NA,NA,NA,-3553,0.73244876,False,0.0," Step Response (State:idle, Speed:-0.5, Q:0.0)",0.019992203114640072,0.0027135603669251602,0.5364811811837491,2460.82541,0.01483,0.013072013854980469,0.0,2,0
11208.971135377884,19.99999999998181,3279,26.0,-0.10151028691258168,1.9941750242531473,0.9948522534473478,-0.10133604398600718,-713,0.0599098712446352,0.39090128755400355,NA,NA,0.0,NA,NA,NA,-1381,0.22813661,False,0.0," Step Response (State:idle, Speed:-0.5, Q:0.0)",0.010304338349074653,0.0035891926725487673,0.05204631463143117,2460.84541,0.01485,0.013039350509643555,0.0,1,0
11208.991312265396,19.99999999998181,3305,26.0,-0.06162678642755501,1.9941750242531473,0.9981016705106747,-0.06158778550817234,-798,0.06713304721030043,0.36115879828359015,NA,NA,0.0,NA,NA,NA,-1188,0.18339975,False,0.0," Step Response (State:idle, Speed:-0.5, Q:0.0)",0.003797860805387478,0.004506846027740426,0.03363546895385228,2460.86541,0.01478,0.012940406799316406,0.0,1,0
11209.011557102203,19.99999999998181,3324,19.0,-0.03248115145772783,1.4572817484926843,0.9994725337766163,-0.03247544035345184,-869,0.07316652360515022,0.30167381974276375,NA,NA,0.0,NA,NA,NA,783,-0.27448538,False,0.0," Step Response (State:idle, Speed:-0.5, Q:0.0)",0.0010550252000198546,0.005353340176463004,0.07534222353591336,2460.88541,0.01383,0.012148380279541016,0.0,1,0
11209.031872749329,19.99999999998181,3340,16.0,-0.007937458851557583,1.227184630309629,0.9999684985388817,-0.007937375504198747,-918,0.0773304721030043,0.20819742489289325,NA,NA,0.0,NA,NA,NA,-222,-0.040906344,False,0.0," Step Response (State:idle, Speed:-0.5, Q:0.0)",6.300325302016982e-05,0.005980001915673526,0.0016733289474653162,2460.90541,0.01486,0.013140439987182617,0.0,2,0
11209.052148580551,19.99999999998181,3351,11.0,0.008936329815184496,0.8436894333378699,0.9999600712704372,0.008936210876102397,-946,0.0797098712446352,0.11896995708165349,NA,NA,0.0,NA,NA,NA,818,-0.28245595,False,0.0," Step Response (State:idle, Speed:-0.5, Q:0.0)",7.985799056575538e-05,0.006353663573836322,0.07978136424142779,2460.92541,0.01398,0.012489557266235352,0.0,2,0
11209.072518348694,19.99999999998181,3358,7.0,0.019674195330383976,0.5368932757604628,0.9998064692617309,0.019672926126825727,-960,0.08089957081545066,0.059484978540826745,NA,NA,0.0,NA,NA,NA,1037,-0.33347324,False,0.0," Step Response (State:idle, Speed:-0.5, Q:0.0)",0.0003870739618981026,0.006544740558124116,0.11120439870728749,2460.94541,0.01399,0.012413263320922852,0.0,3,0
11209.092854499817,19.99999999998181,3361,3.0,0.024276137694040884,0.23009711818305545,0.9997053490403317,0.024273753318111744,-958,0.08072961373390558,-0.008497854077261459,NA,NA,0.0,NA,NA,NA,951,-0.31343734,False,0.0," Step Response (State:idle, Speed:-0.5, Q:0.0)",0.0005893308613400326,0.006517270533625596,0.09824296776356789,2460.96541,0.01417,0.012426137924194336,0.0,2,0
11209.1130900383,19.99999999998181,3365,4.0,0.030412060845583455,0.30679615757740725,0.9995375889192919,0.030407373076419515,-946,0.0797098712446352,-0.050987124463565285,NA,NA,0.0,NA,NA,NA,1327,-0.22854891,False,0.0," Step Response (State:idle, Speed:-0.5, Q:0.0)",0.0009248934448754702,0.006353663573836322,0.05223460617930531,2460.98541,0.01514,0.013294696807861328,0.0,1,0
11209.13333940506,20.000000000436557,3366,1.0,0.03194604163346909,0.07669903939260789,0.9994897686072266,0.03194060815752551,-929,0.07826523605150215,-0.07223175965507588,NA,NA,0.0,NA,NA,NA,2713,-0.5505041,False,0.0," Step Response (State:idle, Speed:-0.5, Q:0.0)",0.0010205495760473404,0.006125447174197352,0.3030547513470907,2461.00541,0.01513,0.013488292694091797,0.0,1,0
11209.153599739075,19.99999999998181,3364,-2.0,0.02887808005769782,-0.15339807878870362,0.999583057222859,0.028874066443827437,-898,0.07563090128755365,-0.13171673819754498,NA,NA,0.0,NA,NA,NA,2014,-0.3881734,False,0.0," Step Response (State:idle, Speed:-0.5, Q:0.0)",0.0008339435078188044,0.005720033229567684,0.15067858952008706,2461.02541,0.01461,0.012874603271484375,0.0,0,0
11209.17385005951,19.99999999998181,3359,-5.0,0.02120817611826961,-0.3834951969717591,0.9997751150622463,0.02120658629464479,-856,0.0720618025751073,-0.17845493562247955,NA,NA,0.0,NA,NA,NA,1292,-0.2205398,False,0.0," Step Response (State:idle, Speed:-0.5, Q:0.0)",0.0004497867342635415,0.005192903390373742,0.048637800460632485,2461.04541,0.01533,0.01355123519897461,0.0,0,0
11209.194179296494,19.99999999998181,3352,-7.0,0.010470310603070132,-0.5368932757604628,0.9999451867986928,0.010470119298623447,-814,0.06849270386266094,-0.17845493562248024,NA,NA,0.0,NA,NA,NA,71,0.06302159,False,0.0," Step Response (State:idle, Speed:-0.5, Q:0.0)",0.00010962740412476283,0.00469125048241817,0.003971721158525787,2461.06541,0.01431,0.012597799301147461,0.0,0,0
11209.214311599731,19.99999999998181,3349,-3.0,0.005868368239413196,-0.23009711818305545,0.9999827811765182,0.005868334557242252,-779,0.06551845493562232,-0.1487124463520665,NA,NA,0.0,NA,NA,NA,-1135,0.34305423,False,0.0," Step Response (State:idle, Speed:-0.5, Q:0.0)",3.4437745793353536e-05,0.004292667937151173,0.11768620813876751,2461.08541,0.0153,0.013562202453613281,0.0,1,0
11209.234637022018,19.99999999998181,3351,2.0,0.008936329815184496,0.15339807878870362,0.9999600712704372,0.008936210876102397,-763,0.0641587982832618,-0.0679828326180875,NA,NA,0.0,NA,NA,NA,357,-0.0033974347,False,0.0," Step Response (State:idle, Speed:-0.5, Q:0.0)",7.985799056575538e-05,0.004116351397152278,1.1542562656577436e-05,2461.10541,0.01448,0.012856483459472656,0.0,2,0
11209.2547352314,19.99999999998181,3355,4.0,0.01507225296672704,0.30679615757740725,0.9998864157455492,0.015071682305533707,-758,0.06373390557939915,-0.02124463519315226,NA,NA,0.0,NA,NA,NA,1314,-0.22561575,False,0.0," Step Response (State:idle, Speed:-0.5, Q:0.0)",0.00022717280949301205,0.004062010720403766,0.05090246877947657,2461.12541,0.01532,0.013651847839355469,0.0,1,0
11209.275217533112,19.99999999998181,3360,5.0,0.022742156906155248,0.3834951969717591,0.9997414082953414,0.02274019656131783,-747,0.06279914163090129,-0.04673819742493525,NA,NA,0.0,NA,NA,NA,2198,-0.43096295,False,0.0," Step Response (State:idle, Speed:-0.5, Q:0.0)",0.0005172057007441849,0.003943732189578,0.18572906426514013,2461.14541,0.0144,0.012899637222290039,0.0,1,0
11209.295550584793,19.99999999998181,3365,5.0,0.030412060845583455,0.3834951969717591,0.9995375889192919,0.030407373076419515,-726,0.06101459227467811,-0.08922746781124012,NA,NA,0.0,NA,NA,NA,3329,-0.69350415,False,0.0," Step Response (State:idle, Speed:-0.5, Q:0.0)",0.0009248934448754702,0.00372278047044521,0.4809480125614165,2461.16541,0.015,0.013266563415527344,0.0,0,0
11209.315885066986,19.99999999998181,3361,-4.0,0.024276137694040884,-0.30679615757740725,0.9997053490403317,0.024273753318111744,-686,0.05761545064377683,-0.16995708154521877,NA,NA,0.0,NA,NA,NA,4118,-0.8765216,False,0.0," Step Response (State:idle, Speed:-0.5, Q:0.0)",0.0005893308613400326,0.003319540152885484,0.7682900931288259,2461.18541,0.01557,0.01378488540649414,0.0,0,0
11209.335978031158,19.99999999998181,3355,-6.0,0.01507225296672704,-0.4601942363661109,0.9998864157455492,0.015071682305533707,-625,0.052431759656652366,-0.2591845493564589,NA,NA,0.0,NA,NA,NA,1637,-0.30058512,False,0.0," Step Response (State:idle, Speed:-0.5, Q:0.0)",0.00022717280949301205,0.0027490894206929585,0.09035141491630672,2461.20541,0.01507,0.013368844985961914,0.0,2,0
11209.356329917908,19.99999999998181,3344,-11.0,-0.0018015357000150112,-0.8436894333378699,0.9999983772349997,-0.0018015347255252122,-558,0.046738197424892707,-0.28467811158824186,NA,NA,0.0,NA,NA,NA,1773,-0.33220974,False,0.0," Step Response (State:idle, Speed:-0.5, Q:0.0)",3.2455308784285763e-06,0.0021844590985282473,0.11036330876546518,2461.22541,0.01409,0.012421846389770508,0.0,2,0
11209.376580238342,19.99999999998181,3339,-5.0,-0.009471439639443205,-0.3834951969717591,0.999955146250892,-0.009471298029160658,-496,0.04146952789699571,-0.2634334763950893,NA,NA,0.0,NA,NA,NA,314,0.0064833774,False,0.0," Step Response (State:idle, Speed:-0.5, Q:0.0)",8.970816884361603e-05,0.0017197217439997056,4.2034182810848095e-05,2461.24541,0.01551,0.01369476318359375,0.0,1,0
11209.396883249283,19.99999999998181,3332,-7.0,-0.0202093051546427,-0.5368932757604628,0.9997957989426404,-0.020207929548755003,-446,0.0372206008583691,-0.21244635193152397,NA,NA,0.0,NA,NA,NA,1371,-0.23889737,False,0.0," Step Response (State:idle, Speed:-0.5, Q:0.0)",0.00040841601483346794,0.0013853731282580265,0.05707195258634301,2461.26541,0.01489,0.013123512268066406,0.0,2,0
11209.417133569717,19.99999999998181,3332,0.0,-0.0202093051546427,0.0,0.9997957989426404,-0.020207929548755003,-406,0.033821459227467814,-0.16995708154521877,NA,NA,0.0,NA,NA,NA,-541,0.20521308,False,0.0," Step Response (State:idle, Speed:-0.5, Q:0.0)",0.00040841601483346794,0.0011438911042752676,0.042112410180081605,2461.28541,0.0152,0.01364755630493164,0.0,0,0
11209.437536001205,19.99999999998181,3330,-2.0,-0.023277266730413984,-0.15339807878870362,0.9997290966591009,-0.023275164729341526,-378,0.031442060085836915,-0.11896995708165314,NA,NA,0.0,NA,NA,NA,1283,-0.21852049,False,0.0," Step Response (State:idle, Speed:-0.5, Q:0.0)",0.0005418311464388377,0.0009886031424413788,0.04775120556171775,2461.30541,0.01463,0.013002157211303711,0.0,1,0
11209.457655906677,19.99999999998181,3333,3.0,-0.018675324366757062,0.23009711818305545,0.9998256211981283,-0.018674238827241132,-357,0.029657510729613736,-0.08922746781124012,NA,NA,0.0,NA,NA,NA,-449,0.18388413,False,0.0," Step Response (State:idle, Speed:-0.5, Q:0.0)",0.0003487677402035901,0.0008795679426771538,0.03381337287167718,2461.32541,0.01523,0.013385295867919922,0.0,0,0
11209.477963209152,19.99999999998181,3336,3.0,-0.01407338200310014,0.23009711818305545,0.9999009715939781,-0.014072917445170759,-342,0.028382832618025752,-0.06373390557945713,NA,NA,0.0,NA,NA,NA,1379,-0.24080554,False,0.0," Step Response (State:idle, Speed:-0.5, Q:0.0)",0.00019806008100518293,0.0008055851874228666,0.05798730641317551,2461.34541,0.01511,0.013426542282104492,0.0,1,0
11209.498335838318,19.99999999998181,3338,2.0,-0.011005420427328855,0.15339807878870362,0.9999394409718514,-0.011005198267243443,-330,0.027363090128755367,-0.05098712446356563,NA,NA,0.0,NA,NA,NA,1104,-0.17680341,False,0.0," Step Response (State:idle, Speed:-0.5, Q:0.0)",0.00012111927878226723,0.0007487387013943894,0.031259445806458785,2461.36541,0.01489,0.01326298713684082,0.0,1,0
11209.518560171127,19.99999999998181,3340,2.0,-0.007937458851557583,0.15339807878870362,0.9999684985388817,-0.007937375504198747,-313,0.02591845493562232,-0.07223175965671806,NA,NA,0.0,NA,NA,NA,1012,-0.15558547,False,0.0," Step Response (State:idle, Speed:-0.5, Q:0.0)",6.300325302016982e-05,0.000671766306249885,0.02420683779533661,2461.38541,0.01592,0.014164924621582031,0.0,2,0
11209.538857221603,19.99999999998181,3339,-1.0,-0.009471439639443205,-0.07669903939435181,0.999955146250892,-0.009471298029160658,-294,0.024303862660944208,-0.08072961373397901,NA,NA,0.0,NA,NA,NA,1982,-0.38060272,False,0.0," Step Response (State:idle, Speed:-0.5, Q:0.0)",8.970816884361603e-05,0.0005906777402420381,0.14485842849195762,2461.40541,0.0151,0.01343679428100586,0.0,0,0
11209.558853149414,19.99999999998181,3341,2.0,-0.006403478063671919,0.15339807878870362,0.9999794978044011,-0.006403434301825513,-270,0.022264377682403434,-0.10197424892713143,NA,NA,0.0,NA,NA,NA,1068,-0.16860785,False,0.0," Step Response (State:idle, Speed:-0.5, Q:0.0)",4.100453131192747e-05,0.0004957025135847042,0.028428605699861942,2461.42541,0.01577,0.014026641845703125,0.0,0,0
11209.579333782196,19.99999999998181,3339,-2.0,-0.009471439639443205,-0.15339807878870362,0.999955146250892,-0.009471298029160658,-242,0.019884978540772532,-0.11896995708165331,NA,NA,0.0,NA,NA,NA,2838,-0.579457,False,0.0," Step Response (State:idle, Speed:-0.5, Q:0.0)",8.970816884361603e-05,0.0003954123715669841,0.33577039746157666,2461.44541,0.01474,0.01324319839477539,0.0,0,0
11209.59964966774,19.99999999998181,3337,-2.0,-0.01253940121521449,-0.15339807878870362,0.9999213827387158,-0.012539072609031632,-206,0.016825751072961373,-0.15296137339069707,NA,NA,0.0,NA,NA,NA,1386,-0.24227698,False,0.0," Step Response (State:idle, Speed:-0.5, Q:0.0)",0.00015723658283612265,0.00028310589916926077,0.05869813575165339,2461.46541,0.01607,0.014442682266235352,0.0,1,0
11209.619950294495,19.99999999998181,3331,-6.0,-0.021743285942528334,-0.4601942363661109,0.999763624071061,-0.021741572719058636,-164,0.013256652360515023,-0.1784549356224798,NA,NA,0.0,NA,NA,NA,2409,-0.47972614,False,0.0," Step Response (State:idle, Speed:-0.5, Q:0.0)",0.00047277048357855027,0.00017573883180754853,0.23013716530315165,2461.48541,0.01541,0.013586759567260742,0.0,0,0
11209.640273332596,20.000000000436557,3327,-4.0,-0.027879209094070906,-0.30679615757043155,0.999611400021077,-0.02787559771381707,-119,0.009432618025751073,-0.19120171673402395,NA,NA,0.0,NA,NA,NA,1056,-0.1657466,False,0.0," Step Response (State:idle, Speed:-0.5, Q:0.0)",0.0007772502997109259,8.897428281972408e-05,0.027471935224533617,2461.50541,0.01573,0.014133691787719727,0.0,0,0
11209.660604000092,19.99999999998181,3321,-6.0,-0.03708309382138475,-0.4601942363661109,0.9993125008666057,-0.03707459523353212,-74,0.005608583690987125,-0.19120171673837133,NA,NA,0.0,NA,NA,NA,1247,-0.21002991,False,0.0," Step Response (State:idle, Speed:-0.5, Q:0.0)",0.0013751558473656237,3.1456211018806756e-05,0.044112565184475594,2461.52541,0.0154,0.013537883758544922,0.0,2,0
11209.68076300621,19.99999999998181,3314,-7.0,-0.04782095933658424,-0.5368932757604628,0.9988567958097954,-0.04780273490699794,-35,0.0022944206008583693,-0.1657081545065885,NA,NA,0.0,NA,NA,NA,-76,0.097236186,False,0.0," Step Response (State:idle, Speed:-0.5, Q:0.0)",0.0022868441518712436,5.264365893643281e-06,0.009454875919545636,2461.54541,0.01586,0.013959646224975586,0.0,2,0
11209.701033353806,19.99999999998181,3309,-5.0,-0.05549086327601245,-0.3834951969717591,0.998460777076467,-0.055462389417133044,-4,-0.0003399141630901288,-0.1317167381975447,NA,NA,0.0,NA,NA,NA,-2188,0.58755356,False,0.0," Step Response (State:idle, Speed:-0.5, Q:0.0)",0.003079235907117107,1.1554163826926267e-07,0.3452191867309615,2461.56541,0.01558,0.013798713684082031,0.0,1,0
11209.721299171448,19.99999999998181,3312,3.0,-0.05088892091235553,0.23009711818305545,0.9987054382756619,-0.050866959400163884,0,-0.0006798283261802576,-0.016995708154521897,NA,NA,0.0,NA,NA,NA,-1299,0.381286,False,0.0," Step Response (State:idle, Speed:-0.5, Q:0.0)",0.0025896822716239758,4.621665530770507e-07,0.1453790101699548,2461.58541,0.01601,0.014134407043457031,0.0,1,0
11209.741650342941,19.99999999998181,3315,3.0,-0.04628697854869859,0.23009711818305545,0.9989289490547298,-0.04627045213106342,-16,0.0006798283261802576,0.06798283261808759,NA,NA,0.0,NA,NA,NA,235,0.024750954,False,0.0," Step Response (State:idle, Speed:-0.5, Q:0.0)",0.002142484383167684,4.621665530770507e-07,0.0006126097011494337,2461.60541,0.01526,0.013485908508300781,0.0,2,0
11209.76192688942,19.99999999998181,3322,7.0,-0.03554911303349911,0.5368932757604628,0.9993681968216863,-0.03554162603724415,-30,0.0018695278969957083,0.059484978540826634,NA,NA,0.0,NA,NA,NA,-1457,0.24586487,False,0.0," Step Response (State:idle, Speed:-0.5, Q:0.0)",0.0012637394374684966,3.4951345576451957e-06,0.060449533397331834,2461.62541,0.01633,0.014400959014892578,0.0,1,0
11209.782315731049,19.99999999998181,3328,6.0,-0.02634522830618527,0.4601942363661109,0.9996529845445593,-0.026342180835213322,-46,0.0032291845493562232,0.06798283261808757,NA,NA,0.0,NA,NA,NA,-126,-0.06313087,False,0.0," Step Response (State:idle, Speed:-0.5, Q:0.0)",0.0006940710545050256,1.0427632853800955e-05,0.003985506805222139,2461.64541,0.01577,0.01391911506652832,0.0,1,0
11209.802531003952,19.99999999998181,3331,3.0,-0.021743285942528334,0.23009711818305545,0.999763624071061,-0.021741572719058636,-63,0.004673819742489271,0.07223175965671806,NA,NA,0.0,NA,NA,NA,-238,-0.037134428,False,0.0," Step Response (State:idle, Speed:-0.5, Q:0.0)",0.00047277048357855027,2.1844590985282473e-05,0.0013789657114905568,2461.66541,0.01519,0.013106346130371094,0.0,2,0
11209.822660684586,19.99999999998181,3336,5.0,-0.01407338200310014,0.3834951969717591,0.9999009715939781,-0.014072917445170759,-74,0.005608583690987125,0.04673819742493521,NA,NA,0.0,NA,NA,NA,-1428,0.23915601,False,0.0," Step Response (State:idle, Speed:-0.5, Q:0.0)",0.00019806008100518293,3.1456211018806756e-05,0.057195596050917175,2461.68541,0.01613,0.014179229736328125,0.0,0,0
11209.843004226685,19.99999999998181,3340,4.0,-0.007937458851557583,0.30679615757740725,0.9999684985388817,-0.007937375504198747,-89,0.006883261802575108,0.06373390557945713,NA,NA,0.0,NA,NA,NA,-544,0.03380012,False,0.0," Step Response (State:idle, Speed:-0.5, Q:0.0)",6.300325302016982e-05,4.7379293042789526e-05,0.0011424482064370661,2461.70541,0.01561,0.013796091079711914,0.0,1,0
11209.863283634186,19.99999999998181,3344,4.0,-0.0018015357000150112,0.30679615757740725,0.9999983772349997,-0.0018015347255252122,-106,0.008327896995708154,0.07223175965671802,NA,NA,0.0,NA,NA,NA,-1068,0.15559812,False,0.0," Step Response (State:idle, Speed:-0.5, Q:0.0)",3.2455308784285763e-06,6.935386837112491e-05,0.024210774605608387,2461.72541,0.01494,0.013073921203613281,0.0,2,0
11209.883619308472,19.99999999998181,3347,3.0,0.0028004066636419245,0.23009711818305545,0.9999960788638217,0.00280040300338234,-124,0.009857510729613734,0.07648068669534853,NA,NA,0.0,NA,NA,NA,-1324,0.21497181,False,0.0," Step Response (State:idle, Speed:-0.5, Q:0.0)",7.842277481770095e-06,9.717051778444988e-05,0.04621287934374241,2461.74541,0.01622,0.014346122741699219,0.0,2,0
11209.903937339783,19.99999999998181,3352,5.0,0.010470310603070132,0.3834951969717591,0.9999451867986928,0.010470119298623447,-145,0.01164206008583691,0.08922746781123994,NA,NA,0.0,NA,NA,NA,-1363,0.22402641,False,0.0," Step Response (State:idle, Speed:-0.5, Q:0.0)",0.00010962740412476283,0.0001355375630422369,0.05018783317133657,2461.76541,0.01619,0.014354944229125977,0.0,1,0
11209.92408323288,19.99999999998181,3356,4.0,0.016606233754612676,0.30679615757740725,0.9998621196688577,0.0166054705232605,-170,0.013766523605150216,0.1062231759657619,NA,NA,0.0,NA,NA,NA,73,-0.10969336,False,0.0," Step Response (State:idle, Speed:-0.5, Q:0.0)",0.0002757669995128374,0.0001895171721711581,0.012032633954019767,2461.78541,0.01511,0.013152837753295898,0.0,1,0
11209.944348573685,19.99999999998181,3363,7.0,0.027344099269812183,0.5368932757604628,0.9996261734109365,0.027340691867767893,-190,0.01546609442060086,0.08497854077260947,NA,NA,0.0,NA,NA,NA,-405,0.0016958481,False,0.0," Step Response (State:idle, Speed:-0.5, Q:0.0)",0.0007476997648773432,0.00023920007662694103,2.875900676811184e-06,2461.80541,0.01602,0.014163970947265625,0.0,1,0
11209.964660644531,19.99999999998181,3366,3.0,0.03194604163346909,0.23009711818305545,0.9994897686072266,0.03194060815752551,-204,0.01665579399141631,0.05948497854082657,NA,NA,0.0,NA,NA,NA,1356,-0.40740475,False,0.0," Step Response (State:idle, Speed:-0.5, Q:0.0)",0.0010205495760473404,0.00027741547348449964,0.16597863079967912,2461.82541,0.01586,0.014120817184448242,0.0,0,0
11209.985023736954,19.99999999998181,3367,1.0,0.033480022421354755,0.07669903939435181,0.9994395963991889,0.033473768079295196,-205,0.016740772532188843,0.004248927038630556,NA,NA,0.0,NA,NA,NA,1442,-0.42752892,False,0.0," Step Response (State:idle, Speed:-0.5, Q:0.0)",0.001120911901334417,0.00028025346497448844,0.1827809755462262,2461.84541,0.0155,0.013676643371582031,0.0,1,0
11210.005283355713,19.99999999998181,3367,0.0,0.033480022421354755,0.0,0.9994395963991889,0.033473768079295196,-192,0.015636051502145924,-0.05523605150219619,NA,NA,0.0,NA,NA,NA,1776,-0.5049064,False,0.0," Step Response (State:idle, Speed:-0.5, Q:0.0)",0.001120911901334417,0.0002444861065777598,0.2549304888567008,2461.86541,0.01629,0.014356136322021484,0.0,0,0
11210.02544093132,19.99999999998181,3365,-2.0,0.030412060845583455,-0.15339807878870362,0.9995375889192919,0.030407373076419515,-169,0.013681545064377684,-0.09772532188850089,NA,NA,0.0,NA,NA,NA,3416,-0.7135045,False,0.0," Step Response (State:idle, Speed:-0.5, Q:0.0)",0.0009248934448754702,0.00018718467534859735,0.5090886618687342,2461.88541,0.01591,0.013973474502563477,0.0,0,0
11210.045720100403,19.99999999998181,3358,-7.0,0.019674195330383976,-0.5368932757604628,0.9998064692617309,0.019672926126825727,-129,0.010282403433476396,-0.16995708154521894,NA,NA,0.0,NA,NA,NA,3681,-0.77520645,False,0.0," Step Response (State:idle, Speed:-0.5, Q:0.0)",0.0003870739618981026,0.00010572782036876718,0.6009450349240666,2461.90541,0.01593,0.014044761657714844,0.0,1,0
11210.066050767899,19.99999999998181,3347,-11.0,0.0028004066636419245,-0.8436894333378699,0.9999960788638217,0.00280040300338234,-69,0.005183690987124464,-0.25493562231782846,NA,NA,0.0,NA,NA,NA,2231,-0.43842816,False,0.0," Step Response (State:idle, Speed:-0.5, Q:0.0)",7.842277481770095e-06,2.68706522499954e-05,0.19221925457492262,2461.92541,0.01591,0.01404118537902832,0.0,2,0
11210.086342573166,19.99999999998181,3332,-15.0,-0.0202093051546427,-1.1504855909152771,0.9997957989426404,-0.020207929548755003,-2,-0.0005098712446351931,-0.2846781115882418,NA,NA,0.0,NA,NA,NA,1315,-0.22589746,False,0.0," Step Response (State:idle, Speed:-0.5, Q:0.0)",0.00040841601483346794,2.5996868610584096e-07,0.05102966296572564,2461.94541,0.01632,0.014403104782104492,0.0,2,0
11210.106691360474,19.99999999998181,3320,-12.0,-0.0386170746092704,-0.9203884727322218,0.9992544534326807,-0.03860747718971626,60,-0.005778540772532189,-0.26343347639508935,NA,NA,0.0,NA,NA,NA,-742,0.25192976,False,0.0," Step Response (State:idle, Speed:-0.5, Q:0.0)",0.0014912784513779565,3.339153345981691e-05,0.06346860396320153,2461.96541,0.01591,0.014064788818359375,0.0,2,0
11210.12689113617,19.99999999998181,3311,-9.0,-0.052422901700241165,-0.6902913545491663,0.9986262343426219,-0.05239889390697907,103,-0.009432618025751073,-0.1827038626611104,NA,NA,0.0,NA,NA,NA,-1793,0.4958839,False,0.0," Step Response (State:idle, Speed:-0.5, Q:0.0)",0.0027481606226731478,8.897428281972408e-05,0.2459008540297427,2461.98541,0.0154,0.013368606567382812,0.0,2,0
11210.14719414711,20.000000000436557,3306,-5.0,-0.06009280563966937,-0.3834951969630394,0.9981949706385396,-0.06005664486070702,116,-0.010537339055793992,-0.05523605150094026,NA,NA,0.0,NA,NA,NA,-2868,0.74547684,False,0.0," Step Response (State:idle, Speed:-0.5, Q:0.0)",0.003611145289647079,0.00011103551437676142,0.5557357218488193,2462.00541,0.01642,0.014513015747070312,0.0,1,0
11210.16740322113,19.99999999998181,3310,4.0,-0.0539568824881268,0.30679615757740725,0.9985446805455889,-0.05393070511413537,99,-0.009092703862660945,0.07223175965671806,NA,NA,0.0,NA,NA,NA,-3851,0.97352433,False,0.0," Step Response (State:idle, Speed:-0.5, Q:0.0)",0.0029113451678375248,8.267726353404927e-05,0.9477496250866011,2462.02541,0.01552,0.013685226440429688,0.0,1,0
11210.187628746033,19.99999999998181,3320,10.0,-0.0386170746092704,0.7669903939435182,0.9992544534326807,-0.03860747718971626,54,-0.005268669527896996,0.19120171673837133,NA,NA,0.0,NA,NA,NA,-3612,0.7461395,False,0.0," Step Response (State:idle, Speed:-0.5, Q:0.0)",0.0014912784513779565,2.7758878594190356e-05,0.5567241928074509,2462.04541,0.01626,0.014415502548217773,0.0,1,0
11210.207922935486,19.99999999998181,3332,12.0,-0.0202093051546427,0.9203884727322218,0.9997957989426404,-0.020207929548755003,-12,0.0003399141630901288,0.2804291845496113,NA,NA,0.0,NA,NA,NA,-2855,0.5702497,False,0.0," Step Response (State:idle, Speed:-0.5, Q:0.0)",0.00040841601483346794,1.1554163826926267e-07,0.3251846937814804,2462.06541,0.01571,0.013861656188964844,0.0,1,0
11210.228205919266,19.99999999998181,3348,16.0,0.0043343874515275604,1.227184630309629,0.9999906065574162,0.004334373879912507,-88,0.006798283261802576,0.32291845493591603,NA,NA,0.0,NA,NA,NA,-2451,0.4764513,False,0.0," Step Response (State:idle, Speed:-0.5, Q:0.0)",1.878691457995958e-05,4.621665530770507e-05,0.22700584845197458,2462.08541,0.01563,0.013761758804321289,0.0,2,0
11210.248412370682,19.99999999998181,3364,16.0,0.02887808005769782,1.227184630309629,0.999583057222859,0.028874066443827437,-163,0.01317167381974249,0.3186695278972855,NA,NA,0.0,NA,NA,NA,-555,0.036514167,False,0.0," Step Response (State:idle, Speed:-0.5, Q:0.0)",0.0008339435078188044,0.00017349299121368968,0.001333284372903712,2462.10541,0.01648,0.014649629592895508,0.0,1,0
11210.268717050552,19.99999999998181,3378,14.0,0.050353811088096806,1.0737865515209255,0.9987325146981536,0.050332535051419755,-228,0.018695278969957083,0.27618025751098085,NA,NA,0.0,NA,NA,NA,1310,-0.39666843,False,0.0," Step Response (State:idle, Speed:-0.5, Q:0.0)",0.0025355062910957407,0.0003495134557645196,0.1573458466455122,2462.12541,0.01537,0.013619661331176758,0.0,0,0
11210.288959741592,19.99999999998181,3389,11.0,0.06722759975483886,0.8436894333378699,0.9977410758846313,0.06717697144541579,-265,0.021839484978540775,0.15721030042932763,NA,NA,0.0,NA,NA,NA,2318,-0.6308246,False,0.0," Step Response (State:idle, Speed:-0.5, Q:0.0)",0.00451955016879681,0.0004769631041279082,0.3979397081272431,2462.14541,0.01537,0.013580799102783203,0.0,2,0
11210.309301376343,19.99999999998181,3390,1.0,0.06876158054272449,0.07669903939435181,0.9976368538508947,0.06870740744991384,-268,0.02209442060085837,0.012746781115891321,NA,NA,0.0,NA,NA,NA,3908,-1.0,False,0.0," Step Response (State:idle, Speed:-0.5, Q:0.0)",0.004728154958733587,0.00048816342168763474,1.0,2462.16541,0.0154,0.013695955276489258,0.0,2,0
11210.329587936401,19.99999999998181,3384,-6.0,0.05955769581541065,-0.4601942363661109,0.9982269646248526,0.05952249235249861,-238,0.019545064377682404,-0.12746781115891426,NA,NA,0.0,NA,NA,NA,2748,-0.7305876,False,0.0," Step Response (State:idle, Speed:-0.5, Q:0.0)",0.003547119130840983,0.00038200954152774967,0.5337582437017687,2462.18541,0.01568,0.013889789581298828,0.0,2,0
11210.349952220917,19.99999999998181,3375,-9.0,0.04575186872443987,-0.6902913545491663,0.9989535658091415,0.045735908837599024,-185,0.015041201716738199,-0.22519313304741506,NA,NA,0.0,NA,NA,NA,2723,-0.5527959,False,0.0," Step Response (State:idle, Speed:-0.5, Q:0.0)",0.002093233491778379,0.00022623774908360814,0.30558329267682893,2462.20541,0.0147,0.012894392013549805,0.0,2,0
11210.370208263397,19.99999999998181,3363,-12.0,0.027344099269812183,-0.9203884727322218,0.9996261734109365,0.027340691867767893,-124,0.009857510729613734,-0.25918454935645896,NA,NA,0.0,NA,NA,NA,3023,-0.6223499,False,0.0," Step Response (State:idle, Speed:-0.5, Q:0.0)",0.0007476997648773432,9.717051778444988e-05,0.38731942029599864,2462.22541,0.01596,0.014140844345092773,0.0,1,0
11210.39055609703,19.99999999998181,3348,-15.0,0.0043343874515275604,-1.1504855909152771,0.9999906065574162,0.004334373879912507,-56,0.004078969957081545,-0.2889270386268722,NA,NA,0.0,NA,NA,NA,1924,-0.36715376,False,0.0," Step Response (State:idle, Speed:-0.5, Q:0.0)",1.878691457995958e-05,1.6637995910773822e-05,0.13480188625125322,2462.24541,0.01468,0.012777328491210938,0.0,1,0
11210.41063451767,19.99999999998181,3336,-12.0,-0.01407338200310014,-0.9203884727322218,0.9999009715939781,-0.014072917445170759,12,-0.001699570815450644,-0.2889270386268722,NA,NA,0.0,NA,NA,NA,133,0.048583057,False,0.0," Step Response (State:idle, Speed:-0.5, Q:0.0)",0.00019806008100518293,2.888540956731567e-06,0.0023603134058667458,2462.26541,0.01541,0.01350545883178711,0.0,2,0
11210.430985450745,19.99999999998181,3325,-11.0,-0.03094717066984219,-0.8436894333378699,0.9995211745309508,-0.030942231080978606,68,-0.0064583690987124465,-0.23793991416330654,NA,NA,0.0,NA,NA,NA,-918,0.29269993,False,0.0," Step Response (State:idle, Speed:-0.5, Q:0.0)",0.0009577273724683408,4.171053141520382e-05,0.08567325080868216,2462.28541,0.01463,0.012906074523925781,0.0,1,0
11210.45128273964,19.99999999998181,3319,-6.0,-0.040151055397156035,-0.4601942363661109,0.9991940546565027,-0.04014026829877721,98,-0.009007725321888413,-0.12746781115891426,NA,NA,0.0,NA,NA,NA,-1664,0.46591645,False,0.0," Step Response (State:idle, Speed:-0.5, Q:0.0)",0.0016121072495054929,8.113911547458971e-05,0.21707814284596694,2462.30541,0.01442,0.012623310089111328,0.0,2,0
11210.471618890762,19.99999999998181,3318,-1.0,-0.04168503618504167,-0.07669903939435181,0.9991313046801958,-0.04167296495390947,103,-0.009432618025751073,-0.021244635193152346,NA,NA,0.0,NA,NA,NA,-1740,0.48346552,False,0.0," Step Response (State:idle, Speed:-0.5, Q:0.0)",0.0017376422417482336,8.897428281972408e-05,0.23373891147297687,2462.32541,0.01532,0.013405084609985352,0.0,1,0
11210.491903305054,19.99999999998181,3322,4.0,-0.03554911303349911,0.30679615757740725,0.9993681968216863,-0.03554162603724415,89,-0.008242918454935622,0.059484978540826655,NA,NA,0.0,NA,NA,NA,-1800,0.497586,False,0.0," Step Response (State:idle, Speed:-0.5, Q:0.0)",0.0012637394374684966,6.794570465471827e-05,0.24759183922520833,2462.34541,0.01499,0.01306772232055664,0.0,1,0
11210.512060165405,19.99999999998181,3329,7.0,-0.02481124751829962,0.5368932757604628,0.9996922167880063,-0.024808701970913498,62,-0.005948497854077254,0.11472103004302275,NA,NA,0.0,NA,NA,NA,-1181,0.18172368,False,0.0," Step Response (State:idle, Speed:-0.5, Q:0.0)",0.000615598003414329,3.538462671996169e-05,0.033023497352879794,2462.36541,0.01392,0.011997461318969727,0.0,1,0
11210.532230854034,19.99999999998181,3337,8.0,-0.01253940121521449,0.6135923151548145,0.9999213827387158,-0.012539072609031632,31,-0.0033141630901287558,0.1317167381975447,NA,NA,0.0,NA,NA,NA,-21,-0.08753184,False,0.0," Step Response (State:idle, Speed:-0.5, Q:0.0)",0.00015723658283612265,1.0983676987971783e-05,0.007661823414918667,2462.38541,0.01472,0.013003110885620117,0.0,1,0
11210.552680015564,19.99999999998181,3342,5.0,-0.004869497275786283,0.3834951969717591,0.999988144021568,-0.004869478031552847,6,-0.0011896995708154507,0.10622317596576186,NA,NA,0.0,NA,NA,NA,1017,-0.328751,False,0.0," Step Response (State:idle, Speed:-0.5, Q:0.0)",2.3712003718890033e-05,1.4153850687984675e-06,0.10807721854249852,2462.40541,0.01439,0.012775182723999023,0.0,0,0
11210.572859048843,19.99999999998181,3346,4.0,0.0012664258757562885,0.30679615757740725,0.9999991980828578,0.0012664255372333974,-4,-0.0003399141630901288,0.042489270386304734,NA,NA,0.0,NA,NA,NA,-122,-0.06400783,False,0.0," Step Response (State:idle, Speed:-0.5, Q:0.0)",1.6038344987850822e-06,1.1554163826926267e-07,0.004097002762170954,2462.42541,0.01527,0.013386011123657227,0.0,0,0
11210.593323230743,19.99999999998181,3346,0.0,0.0012664258757562885,0.0,0.9999991980828578,0.0012664255372333974,-5,-0.00025493562231759657,0.004248927038630475,NA,NA,0.0,NA,NA,NA,1161,-0.36216915,False,0.0," Step Response (State:idle, Speed:-0.5, Q:0.0)",1.6038344987850822e-06,6.499217152646024e-08,0.13116649070390451,2462.44541,0.01403,0.012314081192016602,0.0,0,0
11210.613280773163,19.99999999998181,3343,-3.0,-0.003335516487900647,-0.23009711818305545,0.999994437170037,-0.003335510302928,1,-0.0007648068669527898,-0.025493562231782847,NA,NA,0.0,NA,NA,NA,287,-0.15937036,False,0.0," Step Response (State:idle, Speed:-0.5, Q:0.0)",1.1125670241057068e-05,5.849295437381422e-07,0.025398912525819384,2462.46541,0.0155,0.013562679290771484,0.0,1,0
11210.633717298508,19.99999999998181,3341,-2.0,-0.006403478063671919,-0.15339807878870362,0.9999794978044011,-0.006403434301825513,10,-0.0015296137339055795,-0.03824034334767427,NA,NA,0.0,NA,NA,NA,18,0.0752239,False,0.0," Step Response (State:idle, Speed:-0.5, Q:0.0)",4.100453131192747e-05,2.339718174952569e-06,0.005658635188041716,2462.48541,0.01336,0.011664867401123047,0.0,0,0
11210.653982877731,20.000000000436557,3340,-1.0,-0.007937458851557583,-0.07669903939260789,0.9999684985388817,-0.007937375504198747,15,-0.0019545064377682404,-0.021244635192669323,NA,NA,0.0,NA,NA,NA,595,-0.058771502,False,0.0," Step Response (State:idle, Speed:-0.5, Q:0.0)",6.300325302016982e-05,3.8200954152774965e-06,0.003454089473970204,2462.50541,0.01479,0.012975215911865234,0.0,0,0
11210.674354314804,19.99999999998181,3339,-1.0,-0.009471439639443205,-0.07669903939435181,0.999955146250892,-0.009471298029160658,20,-0.0023793991416309014,-0.021244635193152367,NA,NA,0.0,NA,NA,NA,814,-0.10963896,False,0.0," Step Response (State:idle, Speed:-0.5, Q:0.0)",8.970816884361603e-05,5.66154027519387e-06,0.012020701367746689,2462.52541,0.01356,0.011773347854614258,0.0,0,0
11210.694620609283,19.99999999998181,3337,-2.0,-0.01253940121521449,-0.15339807878870362,0.9999213827387158,-0.012539072609031632,27,-0.002974248927038627,-0.029742489270413328,NA,NA,0.0,NA,NA,NA,334,0.0018557213,False,0.0," Step Response (State:idle, Speed:-0.5, Q:0.0)",0.00015723658283612265,8.846156679990423e-06,3.4437017212941504e-06,2462.54541,0.01489,0.012970924377441406,0.0,1,0
11210.714984893799,19.99999999998181,3335,-2.0,-0.015607362790985777,-0.15339807878870362,0.9998782075856676,-0.015606729166375732,35,-0.003654077253218884,-0.03399141630904377,NA,NA,0.0,NA,NA,NA,-677,0.23669417,False,0.0," Step Response (State:idle, Speed:-0.5, Q:0.0)",0.00024358977328944732,1.3352280572491666e-05,0.056024131070470995,2462.56541,0.01325,0.01137542724609375,0.0,0,0
11210.735069274902,19.99999999998181,3333,-2.0,-0.018675324366757062,-0.15339807878870362,0.9998256211981283,-0.018674238827241132,37,-0.003824034334763949,-0.00849785407726096,NA,NA,0.0,NA,NA,NA,-1223,0.36350927,False,0.0," Step Response (State:idle, Speed:-0.5, Q:0.0)",0.0003487677402035901,1.4623238593453556e-05,0.1321389876082515,2462.58541,0.01501,0.013093709945678711,0.0,0,0
11210.755409479141,19.99999999998181,3331,-2.0,-0.021743285942528334,-0.15339807878870362,0.999763624071061,-0.021741572719058636,29,-0.003144206008583691,0.0339914163090438,NA,NA,0.0,NA,NA,NA,-1853,0.50983155,False,0.0," Step Response (State:idle, Speed:-0.5, Q:0.0)",0.00047277048357855027,9.886031424413786e-06,0.2599282070680289,2462.60541,0.01325,0.01146078109741211,0.0,2,0
11210.775674819946,19.99999999998181,3334,3.0,-0.017141343578871412,0.23009711818305545,0.9998530907673503,-0.017140504163439426,11,-0.0016145922746781116,0.07648068669534853,NA,NA,0.0,NA,NA,NA,-3208,0.6523917,False,0.0," Step Response (State:idle, Speed:-0.5, Q:0.0)",0.0002938256596889162,2.6069082134502387e-06,0.4256148938703177,2462.62541,0.01479,0.012958526611328125,0.0,0,0
11210.795927524567,19.99999999998181,3340,6.0,-0.007937458851557583,0.4601942363661109,0.9999684985388817,-0.007937375504198747,-26,0.0015296137339055795,0.15721030042932754,NA,NA,0.0,NA,NA,NA,-1681,0.2978738,False,0.0," Step Response (State:idle, Speed:-0.5, Q:0.0)",6.300325302016982e-05,2.339718174952569e-06,0.08872879776706455,2462.64541,0.01337,0.011618375778198242,0.0,2,0
11210.816301107407,19.99999999998181,3349,9.0,0.005868368239413196,0.6902913545491663,0.9999827811765182,0.005868334557242252,-73,0.0055236051502145925,0.19969957081563228,NA,NA,0.0,NA,NA,NA,-1060,0.1536898,False,0.0," Step Response (State:idle, Speed:-0.5, Q:0.0)",3.4437745793353536e-05,3.051021385547717e-05,0.023620555144422184,2462.66541,0.01336,0.011579751968383789,0.0,1,0
11210.836498975754,19.99999999998181,3360,11.0,0.022742156906155248,0.8436894333378699,0.9997414082953414,0.02274019656131783,-117,0.00926266094420601,0.18695278969974086,NA,NA,0.0,NA,NA,NA,-60,-0.07849676,False,0.0," Step Response (State:idle, Speed:-0.5, Q:0.0)",0.0005172057007441849,8.579688776731936e-05,0.006161741584834124,2462.68541,0.01403,0.012249469757080078,0.0,0,0
11210.856783866882,19.99999999998181,3365,5.0,0.030412060845583455,0.3834951969717591,0.9995375889192919,0.030407373076419515,-150,0.012066952789699572,0.14021459227480565,NA,NA,0.0,NA,NA,NA,1475,-0.4349822,False,0.0," Step Response (State:idle, Speed:-0.5, Q:0.0)",0.0009248934448754702,0.00014561134962883828,0.18920952336248664,2462.70541,0.01305,0.011207342147827148,0.0,0,0
11210.876955032349,19.99999999998181,3370,5.0,0.03808196478501166,0.3834951969717591,0.9992749696075112,0.038072760812787446,-162,0.013086695278969957,0.05098712446356563,NA,NA,0.0,NA,NA,NA,540,-0.2180101,False,0.0," Step Response (State:idle, Speed:-0.5, Q:0.0)",0.0014502360418868685,0.00017126159332461456,0.047528402717511575,2462.72541,0.01373,0.011944293975830078,0.0,1,0
11210.897384881973,19.99999999998181,3368,-2.0,0.03501400320924039,-0.15339807878870362,0.9993870724132388,0.03500684923405512,-158,0.012746781115879829,-0.016995708154521876,NA,NA,0.0,NA,NA,NA,2045,-0.5674321,False,0.0," Step Response (State:idle, Speed:-0.5, Q:0.0)",0.0012259804207366963,0.00016248042881615061,0.32197919439895273,2462.74541,0.01281,0.011093616485595703,0.0,0,0
11210.917570829391,19.99999999998181,3366,-2.0,0.03194604163346909,-0.15339807878870362,0.9994897686072266,0.03194060815752551,-144,0.011557081545064378,-0.059484978540826655,NA,NA,0.0,NA,NA,NA,1131,-0.18314078,False,0.0," Step Response (State:idle, Speed:-0.5, Q:0.0)",0.0010205495760473404,0.00013356613383926763,0.03354054694801878,2462.76541,0.01368,0.011842966079711914,0.0,1,0
