# This is CartPole simulation from 19.02.2022 at time 05:05:02
# Done with git-revision: 4096a3a4fd3a693e1960c42779e794d9629bfee5
#
#
# Time intervals dt:
# Simulation: 0.002 s
# Controller update: 0.02 s
# Saving: 0.02 s
#
# Units:
# time: s
# deltaTimeMs: ms
# angle_raw
# angle: rad
# angleD: rad/s
# angle_cos:
# angle_sin:
# position_raw
# position: m
# positionD: m/s
# angleTarget: rad
# angleErr: rad
# target_position: m
# positionErr: m
# angleCmd:
# positionCmd:
# actualMotorSave:
# Q: normed motor power
# stickControl
# stickPos
# measurement
# angle_squared
# position_squared
# Q_squared
# sent
# latency
# pythonLatency
# additionalLatency
# invalid_steps
# frozen
# angleD fitted
#
#
time,deltaTimeMs,angle_raw,angleD_raw,angle,angleD,angle_cos,angle_sin,position_raw,position,positionD,angleTarget,angleErr,target_position,positionErr,angleCmd,positionCmd,actualMotorSave,Q,stickControl,stickPos,measurement,angle_squared,position_squared,Q_squared,sent,latency,pythonLatency,additionalLatency,invalid_steps,frozen,fitted,angle_raw_sensor,angleD_raw_sensor,angleD_fitted
8380.413331270218,39.99999999996362,1654,-81.0,-2.5942290672267485,-3.1063110954712485,-0.8538995773918397,-0.520437807744631,-848,0.07078712446351931,0.0,NA,NA,0.0,NA,NA,NA,-1199,0.18578798,False,0.0," Step Response (State:idle, Speed:-0.5, Q:0.0)",6.730024453244166,0.005010816989813775,0.034517171947445746,3959.012706,0.02546,0.023565053939819336,0.0,0,0,0,1654,-81.0,-38.1666666666667
8380.453724861145,39.99999999996362,1549,-105.0,-2.755297049954741,-4.026699568203471,-0.9263110791699483,-0.37675958462526976,-835,0.0696824034334764,-0.027618025751098008,NA,NA,0.0,NA,NA,NA,4282,-0.99410814,False,0.0," Step Response (State:idle, Speed:-0.5, Q:0.0)",7.591661833489298,0.004855637348265763,0.9882509949459326,3959.052706,0.02473,0.02284979820251465,0.0,2,0,0,1549,-105.0,-84.48333333333336
8380.473910808563,19.99999999998181,1496,-53.0,-2.83659803171268,-4.065049087900646,-0.9538485675675308,-0.3002880452987926,-785,0.0654334763948498,-0.21244635193152328,NA,NA,0.0,NA,NA,NA,4644,-0.998723,False,0.0," Step Response (State:idle, Speed:-0.5, Q:0.0)",8.04628839351625,0.004281539833115366,0.9974475717757549,3959.072706,0.01828,0.016238927841186523,0.0,1,0,0,1496,-53.0,-128.85000000000005
8380.494017362595,19.99999999998181,1444,-52.0,-2.9163650326827333,-3.9883500485062946,-0.9747432981441987,-0.22332823986896438,-710,0.05906008583690987,-0.318669527897286,NA,NA,0.0,NA,NA,NA,4474,-0.9593197,False,0.0," Step Response (State:idle, Speed:-0.5, Q:0.0)",8.50518500385456,0.003488093739063162,0.920294307397981,3959.092706,0.01442,0.012249469757080078,0.0,1,0,0,1444,-52.0,-98.15
8380.51410484314,19.99999999998181,1395,-49.0,-2.9915300912891296,-3.7582529303232386,-0.9887617268076284,-0.14949999197457067,-616,0.051072103004291845,-0.39939914163126466,NA,NA,0.0,NA,NA,NA,4170,-0.888544,False,0.0," Step Response (State:idle, Speed:-0.5, Q:0.0)",8.949252287088347,0.002608359705280996,0.7895104808747,3959.112706,0.0151,0.013012409210205078,0.0,2,0,0,1395,-49.0,-68.93333333333337
8380.534430503845,19.99999999998181,1348,-47.0,-3.063627188319755,-3.6048548515345358,-0.9969622323650924,-0.0778865022812773,-514,0.04240429184549357,-0.43339055794030806,NA,NA,0.0,NA,NA,NA,4005,-0.85042185,False,0.0," Step Response (State:idle, Speed:-0.5, Q:0.0)",9.385811549012006,0.0017981239669177924,0.723217316005961,3959.132706,0.01529,0.013339042663574219,0.0,1,0,0,1348,-47.0,-42.316666666666684
8380.554813146591,19.99999999998181,1294,-54.0,3.136723156314007,-4.141748127294998,-0.999988144021568,0.004869478031552803,-408,0.033396566523605155,-0.4503862660948303,NA,NA,0.0,NA,NA,NA,2377,-0.47243518,False,0.0," Step Response (State:idle, Speed:-0.5, Q:0.0)",9.839032159356506,0.0011153306555655846,0.2231949958741417,3959.152706,0.01462,0.012648344039916992,0.0,1,0,0,1294,-54.0,-22.76666666666666
8380.575094461441,19.99999999998181,1240,-54.0,3.053888193768182,-4.141748127294998,-0.9961564285639963,0.08759206488389051,-310,0.025068669527897,-0.4163948497857865,NA,NA,0.0,NA,NA,NA,972,-0.14613964,False,0.0," Step Response (State:idle, Speed:-0.5, Q:0.0)",9.32623310003669,0.0006284381918989115,0.02135679339603791,3959.172706,0.01508,0.012990713119506836,0.0,1,0,0,1240,-54.0,-19.983333333333253
8380.59519314766,19.99999999998181,1182,-58.0,2.9649173080708153,-4.448544284872406,-0.9844334657969125,0.17575764967442833,-229,0.01818540772532189,-0.3441630901290684,NA,NA,0.0,NA,NA,NA,-246,0.13674164,False,0.0," Step Response (State:idle, Speed:-0.5, Q:0.0)",8.79073464369789,0.0003307090541361971,0.018698275613132864,3959.192706,0.01563,0.013515472412109375,0.0,1,0,0,1182,-58.0,-26.999999999999968
8380.615583658218,19.99999999998181,1119,-63.0,2.8682765184340195,-4.8320394818441645,-0.9628810813225835,0.2699259587943559,-176,0.013681545064377684,-0.22519313304741514,NA,NA,0.0,NA,NA,NA,-1105,0.33620995,False,0.0," Step Response (State:idle, Speed:-0.5, Q:0.0)",8.22701018619998,0.00018718467534859735,0.11303713238280366,3959.212706,0.0146,0.012608528137207031,0.0,1,0,0,1119,-63.0,-45.48333333333337
8380.63581943512,19.99999999998181,1053,-66.0,2.7670337864335672,-5.06213660002722,-0.9306691062118798,0.36586201598796875,-152,0.01164206008583691,-0.10197424892713143,NA,NA,0.0,NA,NA,NA,-1368,0.39714056,False,0.0," Step Response (State:idle, Speed:-0.5, Q:0.0)",7.656475975264884,0.0001355375630422369,0.15772062641008588,3959.232706,0.01573,0.013749837875366211,0.0,2,0,0,1053,-66.0,-77.28333333333345
8380.656173706055,20.000000000436557,978,-75.0,2.6519852273421445,-5.752427954445591,-0.8825175459862601,0.47027947119387353,-151,0.011557081545064378,-0.00424892703853386,NA,NA,0.0,NA,NA,NA,-1337,0.39003897,False,0.0," Step Response (State:idle, Speed:-0.5, Q:0.0)",7.033025646040966,0.00013356613383926763,0.15213039588184074,3959.252706,0.01462,0.012949228286743164,0.0,1,0,0,978,-75.0,-88.71666666666664
8380.676415920258,19.99999999998181,908,-70.0,2.5446065721901494,-5.368932757604627,-0.8270336502364504,0.5621524182786841,-165,0.012746781115879829,0.059484978540826655,NA,NA,0.0,NA,NA,NA,-2012,0.5468124,False,0.0," Step Response (State:idle, Speed:-0.5, Q:0.0)",6.475022607233302,0.00016248042881615061,0.2990038173326326,3959.272706,0.01556,0.013741493225097656,0.0,2,0,0,908,-70.0,-82.48333333333332
8380.696739673615,19.99999999998181,838,-70.0,2.437227917038155,-5.368932757604627,-0.7620230702617383,0.6475498748273169,-192,0.015041201716738199,0.11472103004302285,NA,NA,0.0,NA,NA,NA,-3550,0.7317084,False,0.0," Step Response (State:idle, Speed:-0.5, Q:0.0)",5.940079919590143,0.00022623774908360814,0.5353971934628277,3959.292706,0.01474,0.012964487075805664,0.0,2,0,0,838,-70.0,-80.13333333333335
8380.716943740845,19.99999999998181,770,-68.0,2.332917223461931,-5.215534678815924,-0.6904571967838004,0.7233732504105032,-240,0.019120171673819745,0.20394849785426278,NA,NA,0.0,NA,NA,NA,-4100,0.8593364,False,0.0," Step Response (State:idle, Speed:-0.5, Q:0.0)",5.442502771525325,0.0003655809648363389,0.7384590074436801,3959.312706,0.01464,0.012821435928344727,0.0,1,0,0,770,-68.0,-75.05000000000001
8380.737114429474,19.99999999998181,707,-63.0,2.236276433825135,-4.8320394818441645,-0.6174368658774099,0.7866204400188704,-310,0.025068669527897,0.2974248927041332,NA,NA,0.0,NA,NA,NA,-3469,0.7128547,False,0.0," Step Response (State:idle, Speed:-0.5, Q:0.0)",5.000932288481664,0.0006284381918989115,0.5081617996441743,3959.332706,0.01564,0.013909101486206055,0.0,1,0,0,707,-63.0,-68.58333333333334
8380.75762796402,19.99999999998181,645,-62.0,2.141169624976225,-4.755340442449812,-0.5399462912302808,0.8416994728444737,-392,0.032036909871244634,0.34841201716769865,NA,NA,0.0,NA,NA,NA,-2563,0.502447,False,0.0," Step Response (State:idle, Speed:-0.5, Q:0.0)",4.584607362920829,0.001026363594098252,0.25245299694007883,3959.352706,0.01491,0.013190031051635742,0.0,2,0,0,645,-62.0,-60.98333333333331
8380.777856111526,19.99999999998181,594,-51.0,2.062936604794058,-3.9116510091119423,-0.4725132464158735,0.8813235682548901,-473,0.038920171673819746,0.34416309012906865,NA,NA,0.0,NA,NA,NA,-1136,0.17125586,False,0.0," Step Response (State:idle, Speed:-0.5, Q:0.0)",4.255707435399236,0.0015147797631196009,0.029328568471997052,3959.372706,0.01533,0.013418912887573242,0.0,1,0,0,594,-51.0,-54.449999999999996
8380.798123121262,19.99999999998181,548,-46.0,1.9923734885513182,-3.5281558121401835,-0.4092000342798564,0.9124447007601963,-541,0.044698712446351936,0.28892703862687225,NA,NA,0.0,NA,NA,NA,-89,-0.07167558,False,0.0," Step Response (State:idle, Speed:-0.5, Q:0.0)",3.96955211788215,0.0019979748943616577,0.0051373893016324335,3959.392706,0.01482,0.01302957534790039,0.0,1,0,0,548,-46.0,-43.233333333333306
8380.818532943726,19.99999999998181,515,-33.0,1.941752122551092,-2.53106830001361,-0.36250638117353057,0.9319812893017064,-588,0.048692703862660947,0.19969957081563214,NA,NA,0.0,NA,NA,NA,568,-0.22453016,False,0.0," Step Response (State:idle, Speed:-0.5, Q:0.0)",3.770401305431671,0.002370979409456796,0.05041379294141635,3959.412706,0.0144,0.012578964233398438,0.0,0,0,0,515,-33.0,-35.19999999999996
8380.838765382767,19.99999999998181,496,-19.0,1.9126064875812645,-1.4572817484926843,-0.3351930823701169,0.942149456047829,-612,0.05073218884120172,0.10197424892713126,NA,NA,0.0,NA,NA,NA,676,-0.24950475,False,0.0," Step Response (State:idle, Speed:-0.5, Q:0.0)",3.6580635763379417,0.002573754984619352,0.062252617780789166,3959.432706,0.01563,0.013821601867675781,0.0,0,0,0,496,-19.0,-22.516666666666737
8380.85885977745,19.99999999998181,489,-7.0,1.9018686220660657,-0.5368932757604628,-0.3250572786366591,0.9456943299001688,-618,0.05124206008583691,0.02549356223178299,NA,NA,0.0,NA,NA,NA,254,-0.1517212,False,0.0," Step Response (State:idle, Speed:-0.5, Q:0.0)",3.6171042555994752,0.0026257487218405203,0.02301932082606073,3959.452706,0.01483,0.013035058975219727,0.0,0,0,0,489,-7.0,-7.616666666666674
8380.879245996475,19.99999999998181,491,2.0,1.9049365836418364,0.15339807878870362,-0.3279570981703225,0.9446926176062251,-617,0.05115708154506438,-0.004248927038630382,NA,NA,0.0,NA,NA,NA,-509,0.025794305,False,0.0," Step Response (State:idle, Speed:-0.5, Q:0.0)",3.6287833876970312,0.0026170469922083667,0.0006653461656518922,3959.472706,0.01454,0.012795448303222656,0.0,0,0,0,491,2.0,9.799999999999969
8380.899670600891,19.99999999998181,501,10.0,1.9202763915206926,0.7669903939435182,-0.34240934812018076,0.9395508705333165,-617,0.05115708154506438,0.0,NA,NA,0.0,NA,NA,NA,-1464,0.41942677,False,0.0," Step Response (State:idle, Speed:-0.5, Q:0.0)",3.6874614198317324,0.0026170469922083667,0.17591881456902403,3959.492706,0.015,0.013177633285522461,0.0,1,0,0,501,10.0,20.94999999999999
8380.91998553276,19.99999999998181,521,20.0,1.950956007278406,1.5339807878870364,-0.3710687543015409,0.9286053949773836,-627,0.0520068669527897,0.04248927038630452,NA,NA,0.0,NA,NA,NA,-2849,0.6615074,False,0.0," Step Response (State:idle, Speed:-0.5, Q:0.0)",3.8062293423357,0.0027047142102451694,0.43759207689223345,3959.512706,0.01572,0.013775825500488281,0.0,2,0,0,521,20.0,28.083333333333314
8380.940149068832,19.99999999998181,546,25.0,1.9893055269755466,1.9174759848587954,-0.40639876761604365,0.9136958146342583,-657,0.05455622317596567,0.12746781115891426,NA,NA,0.0,NA,NA,NA,-3974,0.8299957,False,0.0," Step Response (State:idle, Speed:-0.5, Q:0.0)",3.9573364796554573,0.0029763814872257733,0.6888928483671783,3959.532706,0.01518,0.013319730758666992,0.0,0,0,0,546,25.0,34.500000000000014
8380.960444450378,19.99999999998181,579,33.0,2.039926892975773,2.53106830001361,-0.4521109546831171,0.8919617058234733,-711,0.05914506437768241,0.22944206008604587,NA,NA,0.0,NA,NA,NA,-4343,0.9157643,False,0.0," Step Response (State:idle, Speed:-0.5, Q:0.0)",4.16130172868579,0.003498138640240197,0.8386242022617729,3959.552706,0.01493,0.013099908828735352,0.0,2,0,0,579,33.0,35.55
8380.98053598404,19.99999999998181,616,37.0,2.096684182127542,2.8378644575910172,-0.5019810894990379,0.8648785959805914,-788,0.06568841201716738,0.32716738197454603,NA,NA,0.0,NA,NA,NA,-4390,0.92676157,False,0.0," Step Response (State:idle, Speed:-0.5, Q:0.0)",4.396084559583841,0.00431496747333714,0.8588870031667319,3959.572706,0.01583,0.013886213302612305,0.0,2,0,0,616,37.0,39.70000000000002
8381.00094461441,19.99999999998181,656,40.0,2.158043413642968,3.067961575774073,-0.554071410079891,0.8324691420900124,-881,0.07359141630901288,0.3951502145926343,NA,NA,0.0,NA,NA,NA,-4359,0.9193636,False,0.0," Step Response (State:idle, Speed:-0.5, Q:0.0)",4.657151375167794,0.005415696554366446,0.845229461912723,3959.592706,0.01529,0.013564586639404297,0.0,1,0,0,656,40.0,40.54999999999999
8381.020956039429,19.99999999998181,701,45.0,2.227072549097821,3.4514567727458316,-0.6101708524258319,0.7922698598646384,-983,0.08225922746781117,0.43339055794030873,NA,NA,0.0,NA,NA,NA,-4224,0.8880983,False,0.0," Step Response (State:idle, Speed:-0.5, Q:0.0)",4.959852138945067,0.0067665805036010995,0.7887185895807001,3959.612706,0.0164,0.014568090438842773,0.0,1,0,0,701,45.0,42.64999999999997
8381.04144191742,19.99999999998181,754,53.0,2.3083735308557607,4.065049087900646,-0.6724967757393718,0.7401000517633741,-1091,0.09143690987124464,0.458884120172091,NA,NA,0.0,NA,NA,NA,-3964,0.82773083,False,0.0," Step Response (State:idle, Speed:-0.5, Q:0.0)",5.328588357955492,0.008360708486802116,0.6851383343557451,3959.632706,0.01496,0.013290643692016602,0.0,1,0,0,754,53.0,46.56666666666666
8381.06179022789,19.99999999998181,817,63.0,2.405014320492556,4.8320394818441645,-0.7407714199392222,0.6717571759209041,-1201,0.10078454935622318,0.4673819742493518,NA,NA,0.0,NA,NA,NA,-3314,0.67696106,False,0.0," Step Response (State:idle, Speed:-0.5, Q:0.0)",5.784093881774271,0.010157525388936986,0.45827628263056397,3959.652706,0.01555,0.01388239860534668,0.0,2,0,0,817,63.0,53.88333333333329
8381.08213353157,19.99999999998181,882,65.0,2.504723071705123,4.985437560632867,-0.8039612961864782,0.594681624261384,-1307,0.10979227467811159,0.4503862660948303,NA,NA,0.0,NA,NA,NA,-2294,0.44007042,False,0.0," Step Response (State:idle, Speed:-0.5, Q:0.0)",6.273637665931947,0.012054343578993904,0.1936619750022297,3959.672706,0.01705,0.015274286270141602,0.0,1,0,0,882,65.0,64.93333333333334
8381.102411270142,19.99999999998181,952,70.0,2.6121017268571176,5.368932757604627,-0.8630643122127578,0.5050940437034664,-1405,0.11812017167381975,0.4163948497857865,NA,NA,0.0,NA,NA,NA,626,-0.23808129,False,0.0," Step Response (State:idle, Speed:-0.5, Q:0.0)",6.823075431449936,0.013952374956252648,0.0566827012756177,3959.692706,0.01714,0.015318155288696289,0.0,1,0,0,952,70.0,71.2666666666667
8381.122569799423,19.99999999998181,1033,81.0,2.7363541706758547,6.212622190942497,-0.9190084042879849,0.3942379393818555,-1473,0.12389871244635194,0.28892703862687225,NA,NA,0.0,NA,NA,NA,3778,-0.9696258,False,0.0," Step Response (State:idle, Speed:-0.5, Q:0.0)",7.487634147375145,0.015350890945863805,0.9401741358759388,3959.712706,0.01582,0.01391148567199707,0.0,2,0,0,1033,81.0,77.36666666666665
8381.142951250076,19.99999999998181,1121,88.0,2.871344480009791,6.7495154667029595,-0.9637046709916426,0.26697061094601754,-1485,0.12491845493562233,0.05098712446356598,NA,NA,0.0,NA,NA,NA,3825,-0.98056525,False,0.0," Step Response (State:idle, Speed:-0.5, Q:0.0)",8.244619122882698,0.015604620383503106,0.961508209350459,3959.732706,0.01561,0.013731002807617188,0.0,1,0,0,1121,88.0,87.11666666666665
8381.163111448288,20.000000000436557,1234,113.0,3.0446843090408686,8.66699145136469,-0.9953080600261048,0.0967567343758131,-1452,0.12211416309012876,-0.14021459227161764,NA,NA,0.0,NA,NA,NA,3789,-0.97229844,False,0.0," Step Response (State:idle, Speed:-0.5, Q:0.0)",9.270102541719671,0.014911868827202567,0.9453642628774652,3959.752706,0.01601,0.014153718948364258,0.0,1,0,0,1234,113.0,96.43333333333334
8381.183380842209,19.99999999998181,1345,111.0,-3.0682291306834117,8.513593372773052,-0.997310103542972,-0.07329773100926408,-1392,0.11701545064377683,-0.2549356223178285,NA,NA,0.0,NA,NA,NA,4538,-0.9740331,False,0.0," Step Response (State:idle, Speed:-0.5, Q:0.0)",9.414029998374284,0.013692615689366172,0.948740513586074,3959.772706,0.01673,0.015102863311767578,0.0,1,0,0,1345,111.0,119.68333333333337
8381.203765392303,19.99999999998181,1465,120.0,-2.8841514361371345,9.203884727322217,-0.9670446269923885,-0.2546069311805006,-1310,0.11004721030042919,-0.348412017167699,NA,NA,0.0,NA,NA,NA,4598,-0.9879995,False,0.0," Step Response (State:idle, Speed:-0.5, Q:0.0)",8.318329506571896,0.012110388494906888,0.9761430097162851,3959.792706,0.01634,0.014664411544799805,0.0,2,0,0,1465,120.0,126.94999999999995
8381.224107980728,19.99999999998181,1574,109.0,-2.7169475302576,8.360195293984347,-0.9111849986091084,-0.41199744939710387,-1211,0.10163433476394851,-0.42064377682441656,NA,NA,0.0,NA,NA,NA,4527,-0.9714427,False,0.0," Step Response (State:idle, Speed:-0.5, Q:0.0)",7.381803882172871,0.010329538002910352,0.9437009182804559,3959.812706,0.01708,0.01531076431274414,0.0,1,0,0,1574,109.0,134.5166666666667
8381.244438409805,19.99999999998181,1688,114.0,-2.5420737204386366,8.743690490956107,-0.8256071501728258,-0.5642453664705676,-1104,0.09254163090128756,-0.454635193133461,NA,NA,0.0,NA,NA,NA,4606,-0.9898675,False,0.0," Step Response (State:idle, Speed:-0.5, Q:0.0)",6.462138800144731,0.00856395344987014,0.9798376842086078,3959.832706,0.01679,0.014991044998168945,0.0,2,0,0,1688,114.0,124.35000000000002
8381.264693498611,19.99999999998181,1791,103.0,-2.3840736992864158,7.900001057618237,-0.7265430236793503,-0.6871209753332138,-991,0.08293905579399143,-0.4801287553652433,NA,NA,0.0,NA,NA,NA,4331,-0.9261263,False,0.0," Step Response (State:idle, Speed:-0.5, Q:0.0)",5.683807403629215,0.006878886975998822,0.8577099259385115,3959.852706,0.01731,0.015406608581542969,0.0,1,0,0,1791,103.0,117.80000000000003
8381.284807682037,19.99999999998181,1889,98.0,-2.2337435820736227,7.516505860646477,-0.6154424945164105,-0.7881817911772753,-875,0.07308154506437768,-0.49287553648113547,NA,NA,0.0,NA,NA,NA,4514,-0.9685961,False,0.0," Step Response (State:idle, Speed:-0.5, Q:0.0)",4.989610390455099,0.005340912228996666,0.9381784064988921,3959.872706,0.01736,0.01551365852355957,0.0,1,0,0,1889,98.0,99.03333333333336
8381.305267095566,19.99999999998181,1981,92.0,-2.092617349588144,7.056311624280367,-0.4984596316190742,-0.8669129112235997,-758,0.06313905579399141,-0.4971244635197655,NA,NA,0.0,NA,NA,NA,4264,-0.9105407,False,0.0," Step Response (State:idle, Speed:-0.5, Q:0.0)",4.379047371797308,0.003986540366556761,0.8290843662814638,3959.892706,0.01703,0.015280485153198242,0.0,1,0,0,1981,92.0,83.80000000000004
8381.32538485527,19.99999999998181,2063,82.0,-1.9668309249815215,6.289321230336848,-0.3857629132615816,-0.9225979485951274,-641,0.05319656652360515,-0.4971244635197652,NA,NA,0.0,NA,NA,NA,3727,-0.78571916,False,0.0," Step Response (State:idle, Speed:-0.5, Q:0.0)",3.8684238874636674,0.0028298746899003482,0.6173545925221902,3959.912706,0.01723,0.015361309051513672,0.0,1,0,0,2063,82.0,73.71666666666677
8381.34570646286,19.99999999998181,2134,71.0,-1.857918289041641,5.445631796998979,-0.28319318257674997,-0.9590628870632267,-526,0.04342403433476395,-0.4886266094425044,NA,NA,0.0,NA,NA,NA,3044,-0.6272759,False,0.0," Step Response (State:idle, Speed:-0.5, Q:0.0)",3.4518603687554186,0.0018856467579067586,0.3934750348379943,3959.932706,0.01722,0.015471935272216797,0.0,1,0,0,2134,71.0,64.26666666666681
8381.366082429886,19.99999999998181,2192,58.0,-1.7689474033442738,4.448544284872406,-0.1968569241713123,-0.9804322268294786,-417,0.03416137339055794,-0.46313304721072174,NA,NA,0.0,NA,NA,NA,1791,-0.33635712,False,0.0," Step Response (State:idle, Speed:-0.5, Q:0.0)",3.129174915798449,0.0011669994319291202,0.11313610995421186,3959.952706,0.0173,0.015535593032836914,0.0,1,0,0,2192,58.0,58.21666666666666
8381.386449813843,19.99999999998181,2244,52.0,-1.6891804023742205,3.9883500485062946,-0.11810774797045485,-0.993000785432392,-321,0.02600343347639485,-0.40789699570852556,NA,NA,0.0,NA,NA,NA,-308,0.1510252,False,0.0," Step Response (State:idle, Speed:-0.5, Q:0.0)",2.8533304317651336,0.0006761785525612923,0.022808612802216466,3959.972706,0.01717,0.015295028686523438,0.0,2,0,0,2244,52.0,43.51666666666675
8381.406515598297,19.99999999998181,2278,34.0,-1.6370250555861086,2.607767339407962,-0.06618032350854382,-0.9978076792550278,-251,0.020054935622317596,-0.2974248927041332,NA,NA,0.0,NA,NA,NA,-1160,0.3489136,False,0.0," Step Response (State:idle, Speed:-0.5, Q:0.0)",2.679851032616702,0.00040220044281530327,0.12174070723034802,3959.992706,0.01695,0.014972209930419922,0.0,0,0,0,2278,34.0,36.96666666666667
8381.426602602005,19.99999999998181,2308,30.0,-1.5910056319495394,2.3009711818305543,-0.020207929548755055,-0.9997957989426404,-215,0.016995708154506437,-0.15296137339069707,NA,NA,0.0,NA,NA,NA,-718,0.24636526,False,0.0," Step Response (State:idle, Speed:-0.5, Q:0.0)",2.531298920895153,0.0002888540956731566,0.060695843334423794,3960.012706,0.0169,0.015067815780639648,0.0,2,0,0,2308,30.0,19.300000000000097
8381.446903467178,19.99999999998181,2326,18.0,-1.5633939777675976,1.3805827090983327,0.007402281425814124,-0.9999726027395416,-203,0.015975965665236052,-0.05098712446356563,NA,NA,0.0,NA,NA,NA,-287,0.14623952,False,0.0," Step Response (State:idle, Speed:-0.5, Q:0.0)",2.4442007297199915,0.0002552314789368012,0.0213859969522332,3960.032706,0.01554,0.013706684112548828,0.0,0,0,0,2326,18.0,14.500000000000071
8381.46741771698,19.99999999998181,2332,6.0,-1.5541900930402837,0.4601942363661109,0.016605470523260783,-0.9998621196688577,-201,0.015806008583690988,-0.008497854077260938,NA,NA,0.0,NA,NA,NA,1333,-0.23003502,False,0.0," Step Response (State:idle, Speed:-0.5, Q:0.0)",2.4155068453045656,0.0002498299073477132,0.05291611130105367,3960.052706,0.01555,0.013689517974853516,0.0,0,0,0,2332,6.0,4.166666666666629
8381.487579584122,19.99999999998181,2327,-5.0,-1.5618599969797122,-0.3834951969717591,0.008936210876102291,-0.9999600712704372,-191,0.014956223175965667,-0.04248927038630469,NA,NA,0.0,NA,NA,NA,2347,-0.46538413,False,0.0," Step Response (State:idle, Speed:-0.5, Q:0.0)",2.4394066501654668,0.00022368861168929252,0.21658238446242706,3960.072706,0.01632,0.01442861557006836,0.0,2,0,0,2327,-5.0,-5.250000000000028
8381.507794380188,19.99999999998181,2314,-13.0,-1.5818017472222254,-0.9970875121265736,-0.01100519826724341,-0.9999394409718514,-167,0.012916738197424893,-0.10197424892713143,NA,NA,0.0,NA,NA,NA,3365,-0.7017693,False,0.0," Step Response (State:idle, Speed:-0.5, Q:0.0)",2.502096767515285,0.00016684212566081528,0.4924801396918532,3960.092706,0.01622,0.014364480972290039,0.0,1,0,0,2314,-13.0,-15.183333333333323
8381.528094291687,19.99999999998181,2290,-24.0,-1.6186172861314807,-1.8407769454644436,-0.04780273490699778,-0.9988567958097954,-123,0.009177682403433477,-0.18695278969974083,NA,NA,0.0,NA,NA,NA,4614,-0.9915978,False,0.0," Step Response (State:idle, Speed:-0.5, Q:0.0)",2.6199219189636396,8.422985429829249e-05,0.983266140730521,3960.112706,0.01622,0.014392852783203125,0.0,2,0,0,2290,-24.0,-23.799999999999997
8381.548265695572,19.99999999998181,2252,-38.0,-1.676908556071135,-2.9145634969853687,-0.10591320751806595,-0.9943753780505806,-53,0.0032291845493562232,-0.2974248927041332,NA,NA,0.0,NA,NA,NA,4647,-0.9993382,False,0.0," Step Response (State:idle, Speed:-0.5, Q:0.0)",2.8120223054245788,1.0427632853800955e-05,0.9986768572246127,3960.132706,0.016,0.014151334762573242,0.0,1,0,0,2252,-38.0,-33.983333333333306
8381.568668365479,19.99999999998181,2209,-43.0,-1.7428697299502178,-3.298058693957128,-0.17122549851098115,-0.9852318654305016,36,-0.004333905579399142,-0.3781545064381122,NA,NA,0.0,NA,NA,NA,4636,-0.9967186,False,0.0," Step Response (State:idle, Speed:-0.5, Q:0.0)",3.037594895576745,1.8782737571147015e-05,0.9934479386635395,3960.152706,0.01638,0.0146026611328125,0.0,1,0,0,2209,-43.0,-47.80000000000002
8381.588846206665,19.99999999998181,2151,-58.0,-1.831840615647585,-4.448544284872406,-0.2580896018120459,-0.9661209848856921,139,-0.013086695278969957,-0.4376394849789388,NA,NA,0.0,NA,NA,NA,4650,-0.99997354,False,0.0," Step Response (State:idle, Speed:-0.5, Q:0.0)",3.3556400411361236,0.00017126159332461456,0.9999470717758072,3960.172706,0.01621,0.014411449432373047,0.0,2,0,0,2151,-58.0,-54.31666666666669
8381.609363794327,19.99999999998181,2085,-66.0,-1.9330833476480374,-5.06213660002722,-0.35441372568282203,-0.9350887182763041,250,-0.022519313304721032,-0.4716309012879827,NA,NA,0.0,NA,NA,NA,4650,-0.9999599,False,0.0," Step Response (State:idle, Speed:-0.5, Q:0.0)",3.7368112289541426,0.0005071194717161857,0.9999197737572594,3960.192706,0.01642,0.014673948287963867,0.0,2,0,0,2085,-66.0,-68.53333333333336
8381.629307508469,19.99999999998181,2009,-76.0,-2.049665887527346,-5.829126993970737,-0.46077618681206883,-0.8875163692388606,366,-0.03237682403433476,-0.4928755364811348,NA,NA,0.0,NA,NA,NA,4648,-0.99970335,False,0.0," Step Response (State:idle, Speed:-0.5, Q:0.0)",4.201130250493263,0.0010482587345502772,0.999406783368503,3960.212706,0.01622,0.014298439025878906,0.0,2,0,0,2009,-76.0,-76.16666666666669
8381.649752616882,19.99999999998181,1925,-84.0,-2.1785202737097396,-6.442719309125553,-0.5710004154657438,-0.8209497704110453,483,-0.04231931330472103,-0.4971244635197655,NA,NA,0.0,NA,NA,NA,4637,-0.99711806,False,0.0," Step Response (State:idle, Speed:-0.5, Q:0.0)",4.745950582964358,0.0017909242785831385,0.9942444172431841,3960.232706,0.01575,0.014037609100341797,0.0,1,0,0,1925,-84.0,-86.28333333333333
8381.670085906982,20.000000000436557,1829,-96.0,-2.325782429346761,-7.363107781690356,-0.6852785474752773,-0.7282810668760888,604,-0.05260171673819743,-0.5141201716625976,NA,NA,0.0,NA,NA,NA,4616,-0.99212253,False,0.0," Step Response (State:idle, Speed:-0.5, Q:0.0)",5.409263908658121,0.0027669406038055592,0.9843071163932251,3960.252706,0.01609,0.014328718185424805,0.0,1,0,0,1829,-96.0,-94.4833333333333
8381.690282583237,19.99999999998181,1732,-97.0,-2.4745785657716683,-7.439806821252126,-0.7856723786033923,-0.6186427996022323,724,-0.06279914163090129,-0.509871244635657,NA,NA,0.0,NA,NA,NA,4384,-0.9383291,False,0.0," Step Response (State:idle, Speed:-0.5, Q:0.0)",6.1235390781765675,0.003943732189578,0.8804615010493677,3960.272706,0.01581,0.014037847518920898,0.0,1,0,0,1732,-97.0,-104.8
8381.710593223572,19.99999999998181,1621,-111.0,-2.6448504332269747,-8.513593372773052,-0.8791397649408921,-0.47656402896113875,843,-0.07291158798283262,-0.5056223175970262,NA,NA,0.0,NA,NA,NA,3141,-0.6497011,False,0.0," Step Response (State:idle, Speed:-0.5, Q:0.0)",6.995233814140915,0.005316099662178342,0.4221115433401792,3960.292706,0.01635,0.014594793319702148,0.0,1,0,0,1621,-111.0,-106.48333333333333
8381.731044530869,19.99999999998181,1509,-112.0,-2.8166562814701663,-8.590292412167404,-0.9476710414377453,-0.3192484882036239,955,-0.08242918454935623,-0.47587982832661324,NA,NA,0.0,NA,NA,NA,781,-0.10199167,False,0.0," Step Response (State:idle, Speed:-0.5, Q:0.0)",7.9335526079453444,0.0067945704654718275,0.010402300411499477,3960.312706,0.01543,0.013641595840454102,0.0,3,0,0,1509,-112.0,-116.51666666666665
8381.751144647598,19.99999999998181,1386,-123.0,-3.0053359183801005,-9.433981845505274,-0.990731404359898,-0.13583550498696667,1045,-0.09007725321888413,-0.38240343347674277,NA,NA,0.0,NA,NA,NA,-3604,0.9161938,False,0.0," Step Response (State:idle, Speed:-0.5, Q:0.0)",9.032043982305563,0.008113911547458972,0.8394110485268449,3960.332706,0.01643,0.014539718627929688,0.0,1,0,0,1386,-123.0,-119.85000000000005
8381.771489858627,19.99999999998181,1255,-131.0,3.076897905586467,-10.047574160660089,-0.997908024591085,0.06464962843449684,1083,-0.09330643776824035,-0.16145922746795802,NA,NA,0.0,NA,NA,NA,-3950,0.9965671,False,0.0," Step Response (State:idle, Speed:-0.5, Q:0.0)",9.467300721402387,0.00870609132899851,0.9931459259733835,3960.352706,0.01583,0.014171123504638672,0.0,1,0,0,1255,-131.0,-126.53333333333345
8381.791769742966,19.99999999998181,1099,-156.0,2.837596902676307,-11.965050145518884,-0.9541480406789029,0.2993351240142236,1064,-0.09169184549356224,0.08072961373397901,NA,NA,0.0,NA,NA,NA,-3948,0.99617815,False,0.0," Step Response (State:idle, Speed:-0.5, Q:0.0)",8.051956182078172,0.00840739453001529,0.9923709068900735,3960.372706,0.01542,0.01361227035522461,0.0,1,0,0,1099,-156.0,-136.58333333333326
8381.812084674835,19.99999999998181,942,-157.0,2.5967619189782614,-12.041749184913234,-0.8552150287695616,0.5182733396256053,1010,-0.0871030042918455,0.2294420600860455,NA,NA,0.0,NA,NA,NA,-4700,0.9986226,False,0.0," Step Response (State:idle, Speed:-0.5, Q:0.0)",6.743172463855663,0.007586933356665256,0.9972470897688233,3960.392706,0.01576,0.013931989669799805,0.0,2,0,0,942,-157.0,-160.51666666666677
8381.832463741302,19.99999999998181,782,-160.0,2.3513249929165587,-12.271846303096291,-0.7036551568068508,0.7105416386807505,931,-0.08038969957081546,0.33566523605180754,NA,NA,0.0,NA,NA,NA,-4515,0.95575887,False,0.0," Step Response (State:idle, Speed:-0.5, Q:0.0)",5.5287292223140545,0.006462503797085967,0.9134750169107839,3960.412706,0.01537,0.013622522354125977,0.0,2,0,0,782,-160.0,-172.1166666666668
8381.852682590485,19.99999999998181,634,-148.0,2.124295836309483,-11.351457830364069,-0.5256674399588139,0.8506901566182289,837,-0.07240171673819742,0.399399141631265,NA,NA,0.0,NA,NA,NA,-1683,0.29827553,False,0.0," Step Response (State:idle, Speed:-0.5, Q:0.0)",4.512632800161806,0.0052420085866381775,0.08896829199858658,3960.432706,0.01604,0.014189004898071289,0.0,1,0,0,634,-148.0,-176.1833333333334
8381.872852802277,19.99999999998181,482,-152.0,1.891130756550866,-11.658253987941475,-0.3148839955883521,0.9491301645835067,751,-0.06509356223175966,0.36540772532222054,NA,NA,0.0,NA,NA,NA,-1765,0.3173116,False,0.0," Step Response (State:idle, Speed:-0.5, Q:0.0)",3.5763755383726505,0.004237171844019968,0.10068666085640476,3960.452706,0.01545,0.013619422912597656,0.0,1,0,0,482,-152.0,-162.5666666666665
8381.893277406693,19.99999999998181,351,-131.0,1.6901792733378471,-10.047574160660089,-0.11909956853634508,0.9928823156721326,677,-0.058805150214592275,0.31442060085865525,NA,NA,0.0,NA,NA,NA,-2057,0.3850303,False,0.0," Step Response (State:idle, Speed:-0.5, Q:0.0)",2.856705976020853,0.003458045691760762,0.1482483314754015,3960.472706,0.01493,0.013187646865844727,0.0,2,0,0,351,-131.0,-151.39999999999998
8381.913723945618,19.99999999998181,225,-126.0,1.4968976940642564,-9.664078963688329,0.07383139092390521,0.9972707384227422,611,-0.05319656652360515,0.28042918454961113,NA,NA,0.0,NA,NA,NA,-3759,0.7802858,False,0.0," Step Response (State:idle, Speed:-0.5, Q:0.0)",2.240702706494888,0.0028298746899003482,0.6088458916996196,3960.492706,0.01429,0.01238560676574707,0.0,1,0,0,225,-126.0,-125.86666666666676
8381.933999300003,19.99999999998181,112,-113.0,1.3235578650331785,-8.666991451561755,0.24472733059100737,0.9695919418300669,539,-0.047078111587982835,0.30592274678139414,NA,NA,0.0,NA,NA,NA,-3420,0.70158345,False,0.0," Step Response (State:idle, Speed:-0.5, Q:0.0)",1.7518054220911856,0.0022163485906905637,0.4922193303993403,3960.512706,0.01618,0.014379501342773438,0.0,0,0,0,112,-113.0,-104.54999999999994
8381.95410323143,19.99999999998181,9,-103.0,1.1655578438809577,-7.900001057618237,0.39423793938185586,0.9190084042879848,460,-0.04036480686695279,0.33566523605180754,NA,NA,0.0,NA,NA,NA,-3473,0.7138418,False,0.0," Step Response (State:idle, Speed:-0.5, Q:0.0)",1.358525087432427,0.001629317633406399,0.5095701096041836,3960.532706,0.01574,0.013983964920043945,0.0,1,0,0,9,-103.0,-87.46666666666667
8381.974350452423,19.99999999998181,9,-76.83333333333339,1.1655578438809577,-5.893042860132701,0.39423793938185586,0.9190084042879848,374,-0.033056652360515026,0.36540772532222054,NA,NA,0.0,NA,NA,NA,-2934,0.5886248,False,0.0," Step Response (State:idle, Speed:-0.5, Q:0.0)",1.358525087432427,0.0010927422652839437,0.346479126226118,3960.552706,0.01434,0.012520551681518555,0.0,19,1,1,9,-103.0,-76.83333333333339
8381.994418621063,19.99999999998181,4094,-53.22121212121199,1.1486840552142157,-4.082015845099993,0.4096882337943411,0.9122256031763597,288,-0.025748497854077255,0.3654077253222209,NA,NA,0.0,NA,NA,NA,-831,0.100582324,False,0.0," Step Response (State:idle, Speed:-0.5, Q:0.0)",1.3194750587033752,0.0006629851417414211,0.010116803894886284,3960.572706,0.0146,0.012795686721801758,0.0,0,0,2,4094,-5.5,-53.22121212121199
8382.014695167542,19.99999999998181,4030,-64.0,1.050509284789535,-4.908738521238516,0.4971292179281915,0.8676765184572559,217,-0.019715021459227468,0.30167381974276375,NA,NA,0.0,NA,NA,NA,-1284,0.20552042,False,0.0," Step Response (State:idle, Speed:-0.5, Q:0.0)",1.1035697574290204,0.00038868207113779954,0.042238643557582556,3960.592706,0.0151,0.013276338577270508,0.0,2,0,0,4030,-64.0,-26.472727272726942
8382.034869909286,19.99999999998181,3966,-64.0,0.9523345143648537,-4.908738521238516,0.5797825759349199,0.8147712345451752,158,-0.014701287553648069,0.25068669527919796,NA,NA,0.0,NA,NA,NA,1564,-0.4557981,False,0.0," Step Response (State:idle, Speed:-0.5, Q:0.0)",0.9069410272505418,0.00021612785573504761,0.20775189839571695,3960.612706,0.0144,0.012656927108764648,0.0,1,0,0,3966,-64.0,-26.472727272726942
8382.055313587189,19.99999999998181,3902,-64.0,0.8541597439401728,-4.908738521238516,0.6568523107939991,0.7540192582451615,128,-0.012151931330472104,0.12746781115891417,NA,NA,0.0,NA,NA,NA,-60,-0.07847667,False,0.0," Step Response (State:idle, Speed:-0.5, Q:0.0)",0.7295888681679416,0.00014766943506050952,0.006158587326865472,3960.632706,0.01451,0.012598752975463867,0.0,0,0,0,3902,-64.0,-64.00000000000006
8382.07555937767,19.99999999998181,3844,-58.0,0.7651888582428056,-4.448544284872406,0.7212515532518278,0.6926732252164983,114,-0.010962231759656653,0.059484978540826655,NA,NA,0.0,NA,NA,NA,-2265,0.43339452,False,0.0," Step Response (State:idle, Speed:-0.5, Q:0.0)",0.5855139887789285,0.000120170525152425,0.18783081124440404,3960.652706,0.01498,0.013119935989379883,0.0,1,0,0,3844,-58.0,-64.00000000000001
8382.095730781555,19.99999999998181,3796,-48.0,0.6915577804242948,-3.681553890928887,0.7702534944529558,0.6377378413447099,90,-0.00892274678111588,0.10197424892713135,NA,NA,0.0,NA,NA,NA,-1387,0.22956567,False,0.0," Step Response (State:idle, Speed:-0.5, Q:0.0)",0.4782521636653772,7.961541011991381e-05,0.05270039460467246,3960.672706,0.01531,0.013681650161743164,0.0,1,0,0,3796,-48.0,-50.50000000000007
8382.11605167389,19.99999999998181,3754,-42.0,0.6271305873330979,-3.2213596545627765,0.809714678966735,0.5868237713877968,59,-0.006288412017167382,0.13171673819754473,NA,NA,0.0,NA,NA,NA,491,-0.20662048,False,0.0," Step Response (State:idle, Speed:-0.5, Q:0.0)",0.3932927735687563,3.9544125697655144e-05,0.04269202465242561,3960.692706,0.01523,0.013479948043823242,0.0,0,0,0,3754,-42.0,-35.20000000000002
8382.136430978775,19.99999999998181,3718,-36.0,0.5719072789692148,-2.7611654181966654,0.8408702156319858,0.5412368062715411,40,-0.004673819742489271,0.08072961373397901,NA,NA,0.0,NA,NA,NA,686,-0.25190493,False,0.0," Step Response (State:idle, Speed:-0.5, Q:0.0)",0.3270779357379713,2.1844590985282473e-05,0.06345609609835012,3960.712706,0.01568,0.013898372650146484,0.0,0,0,0,3718,-36.0,-28.600000000000023
8382.156635046005,19.99999999998181,3685,-33.0,0.5212859129689886,-2.53106830001361,0.8671795177397335,0.4979956666605477,36,-0.004333905579399142,0.016995708154521876,NA,NA,0.0,NA,NA,NA,1667,-0.47967887,False,0.0," Step Response (State:idle, Speed:-0.5, Q:0.0)",0.271739003059912,1.8782737571147015e-05,0.2300918176024993,3960.732706,0.01456,0.012809514999389648,0.0,1,0,0,3685,-33.0,-23.42857142857138
8382.176981210709,20.000000000436557,3654,-31.0,0.47373250854453375,-2.377670221170844,0.8898716797023499,0.4562109091897282,49,-0.00543862660944206,-0.05523605150094022,NA,NA,0.0,NA,NA,NA,2001,-0.55719435,False,0.0," Step Response (State:idle, Speed:-0.5, Q:0.0)",0.22442248965189673,2.9578659396931243e-05,0.3104655460678174,3960.752706,0.01463,0.012940406799316406,0.0,1,0,0,3654,-31.0,-21.76785714285714
8382.197217464447,19.99999999998181,3622,-32.0,0.4246451233321933,-2.454369260619258,0.9111849986091084,0.41199744939710375,77,-0.007818025751072962,-0.11896995708165327,NA,NA,0.0,NA,NA,NA,4147,-0.88327324,False,0.0," Step Response (State:idle, Speed:-0.5, Q:0.0)",0.18032348076981364,6.112152664443994e-05,0.780171623396896,3960.772706,0.01513,0.013468503952026367,0.0,1,0,0,3622,-32.0,-21.738095238095198
8382.217392921448,19.99999999998181,3591,-31.0,0.3770917189077384,-2.377670221224906,0.9297394476778509,0.36821808677967555,129,-0.012236909871244636,-0.22094420600878467,NA,NA,0.0,NA,NA,NA,4089,-0.8698799,False,0.0," Step Response (State:idle, Speed:-0.5, Q:0.0)",0.1421981644687928,0.0001497419631969644,0.7566910428755911,3960.792706,0.01576,0.014100313186645508,0.0,0,0,0,3591,-31.0,-24.58333333333333
8382.237748861313,19.99999999998181,3558,-33.0,0.3264703529075122,-2.53106830001361,0.9471802056015887,0.3207018211930394,204,-0.01861030042918455,-0.3186695278972855,NA,NA,0.0,NA,NA,NA,4650,-1.0,False,0.0," Step Response (State:idle, Speed:-0.5, Q:0.0)",0.10658289132755555,0.0003463432820645066,1.0,3960.812706,0.01437,0.0126190185546875,0.0,2,0,0,3558,-33.0,-30.16666666666672
8382.2581512928,19.99999999998181,3526,-32.0,0.2773829676951717,-2.454369260619258,0.9617753780808577,0.2738395919464959,295,-0.02634334763948498,-0.38665236051537316,NA,NA,0.0,NA,NA,NA,4650,-0.9999812,False,0.0," Step Response (State:idle, Speed:-0.5, Q:0.0)",0.07694131076738066,0.0006939719648547587,0.9999624494263095,3960.832706,0.01504,0.013262033462524414,0.0,0,0,0,3526,-32.0,-36.74999999999999
8382.278306484222,19.99999999998181,3493,-33.0,0.22676160169494552,-2.53106830001361,0.9743995702166334,0.22482321401857086,401,-0.035351072961373395,-0.45038626609483046,NA,NA,0.0,NA,NA,NA,4650,-0.9999995,False,0.0," Step Response (State:idle, Speed:-0.5, Q:0.0)",0.05142082400325712,0.0012496983595203452,0.999999046325911,3960.852706,0.01582,0.013988256454467773,0.0,1,0,0,3493,-33.0,-38.08333333333336
8382.298560619354,19.99999999998181,3462,-31.0,0.17920819727049064,-2.377670221224906,0.9839851404670564,0.17825050726443178,514,-0.04495364806866953,-0.4801287553652433,NA,NA,0.0,NA,NA,NA,4628,-0.99492294,False,0.0," Step Response (State:idle, Speed:-0.5, Q:0.0)",0.03211557796893909,0.0020208304746817955,0.9898716485045931,3960.872706,0.01502,0.013269901275634766,0.0,0,0,0,3462,-31.0,-37.68333333333332
8382.318721532822,19.99999999998181,3430,-32.0,0.13012081205815013,-2.454369260619258,0.9915462251110525,0.12975393430652535,632,-0.05498111587982833,-0.5013733905583962,NA,NA,0.0,NA,NA,NA,4650,-1.0,False,0.0," Step Response (State:idle, Speed:-0.5, Q:0.0)",0.01693142573067243,0.003022923103391111,1.0,3960.892706,0.01605,0.014374971389770508,0.0,1,0,0,3430,-32.0,-34.98333333333334
8382.339212656021,19.99999999998181,3400,-30.0,0.08410138842158091,-2.3009711818305543,0.9964655622390868,0.0840022813472383,752,-0.0651785407725322,-0.509871244635657,NA,NA,0.0,NA,NA,NA,3755,-0.7923058,False,0.0," Step Response (State:idle, Speed:-0.5, Q:0.0)",0.007073043534437623,0.004248242177236642,0.6277485237212801,3960.912706,0.01552,0.013878345489501953,0.0,1,0,0,3400,-30.0,-33.13333333333337
8382.359434604645,19.99999999998181,3367,-33.0,0.033480022421354755,-2.53106830001361,0.9994395963991889,0.033473768079295196,870,-0.07520600858369099,-0.5013733905583956,NA,NA,0.0,NA,NA,NA,3583,-0.7523067,False,0.0," Step Response (State:idle, Speed:-0.5, Q:0.0)",0.001120911901334417,0.005655943727090202,0.565965370492961,3960.932706,0.01561,0.013889074325561523,0.0,0,0,0,3367,-33.0,-30.216666666666647
8382.379708766937,19.99999999998181,3340,-27.0,-0.007937458851557583,-2.070874063647499,0.9999684985388817,-0.007937375504198747,982,-0.0847236051502146,-0.47587982832661324,NA,NA,0.0,NA,NA,NA,197,0.033694416,False,0.0," Step Response (State:idle, Speed:-0.5, Q:0.0)",6.300325302016982e-05,0.00717808926964947,0.0011353136887573,3960.952706,0.01426,0.012477397918701172,0.0,0,0,0,3340,-27.0,-31.349999999999966
8382.399993658066,19.99999999998181,3316,-24.0,-0.04475299776081296,-1.8407769454644436,0.9989987517233544,-0.0447380604762855,1068,-0.09203175965665236,-0.36540772532222054,NA,NA,0.0,NA,NA,NA,-526,0.20179997,False,0.0," Step Response (State:idle, Speed:-0.5, Q:0.0)",0.0020028308085793295,0.008469844785499826,0.04072322944403717,3960.972706,0.01666,0.014915227890014648,0.0,1,0,0,3316,-24.0,-27.38333333333334
8382.420098781586,19.99999999998181,3302,-14.0,-0.06622872879121193,-1.0737865515209255,0.9978076792550278,-0.0661803235085438,1121,-0.09653562231759658,-0.22519313304741548,NA,NA,0.0,NA,NA,NA,-1856,0.510558,False,0.0," Step Response (State:idle, Speed:-0.5, Q:0.0)",0.004386244517299904,0.00931912637624565,0.2606694807048058,3960.992706,0.01682,0.015022039413452148,0.0,0,0,0,3302,-14.0,-22.333333333333318
8382.440447568893,19.99999999998181,3292,-10.0,-0.08156853667006835,-0.7669903939435182,0.9966751310070524,-0.0814781150498401,1138,-0.09798025751072963,-0.07223175965671824,NA,NA,0.0,NA,NA,NA,-2507,0.6617172,False,0.0," Step Response (State:idle, Speed:-0.5, Q:0.0)",0.006653426174496284,0.009600130861868889,0.43786962159225595,3961.012706,0.01363,0.011956214904785156,0.0,2,0,0,3292,-10.0,-11.633333333333315
8382.46098613739,19.99999999998181,3287,-5.0,-0.08923844060949655,-0.3834951969717591,0.996020892045838,-0.0891200460514528,1122,-0.0966206008583691,0.0679828326180882,NA,NA,0.0,NA,NA,NA,-2745,0.71694326,False,0.0," Step Response (State:idle, Speed:-0.5, Q:0.0)",0.007963499282414643,0.009335540510232275,0.5140076438058259,3961.032706,0.01811,0.01645064353942871,0.0,2,0,0,3287,-5.0,-2.499999999999993
8382.481233596802,19.99999999998181,3290,3.0,-0.08463649824583963,0.23009711818305545,0.9964204691299943,-0.08453548780696839,1083,-0.09330643776824035,0.16570815450658805,NA,NA,0.0,NA,NA,NA,-4271,0.8989907,False,0.0," Step Response (State:idle, Speed:-0.5, Q:0.0)",0.007163336835318015,0.00870609132899851,0.8081842619799353,3961.052706,0.01563,0.013761758804321289,0.0,3,0,0,3290,3.0,4.700000000000017
8382.501359939575,19.99999999998181,3298,8.0,-0.0723646519427545,0.6135923151548145,0.9973828209763553,-0.07230151050460577,1020,-0.08795278969957082,0.26768240343372,NA,NA,0.0,NA,NA,NA,-2767,0.549989,False,0.0," Step Response (State:idle, Speed:-0.5, Q:0.0)",0.005236642850796003,0.007735693215936931,0.3024878836891389,3961.072706,0.01881,0.017093658447265625,0.0,0,0,0,3298,8.0,13.45000000000001
8382.521722078323,19.99999999998181,3306,8.0,-0.06009280563966937,0.6135923151548145,0.9981949706385396,-0.06005664486070702,944,-0.08149442060085837,0.32291845493591603,NA,NA,0.0,NA,NA,NA,-1786,0.32217664,False,0.0," Step Response (State:idle, Speed:-0.5, Q:0.0)",0.003611145289647079,0.00664134058906961,0.10379778431090259,3961.092706,0.01527,0.013523578643798828,0.0,0,0,0,3306,8.0,18.58333333333335
8382.542011022568,19.99999999998181,3314,8.0,-0.04782095933658424,0.6135923151548145,0.9988567958097954,-0.04780273490699794,872,-0.07537596566523605,0.3059227467813945,NA,NA,0.0,NA,NA,NA,-2332,0.44892958,False,0.0," Step Response (State:idle, Speed:-0.5, Q:0.0)",0.0022868441518712436,0.0056815361999668435,0.20153776606240204,3961.112706,0.0161,0.01430821418762207,0.0,2,0,0,3314,8.0,17.68333333333335
8382.562157869339,19.99999999998181,3318,4.0,-0.04168503618504167,0.30679615757740725,0.9991313046801958,-0.04167296495390947,803,-0.06951244635193134,0.2931759656655023,NA,NA,0.0,NA,NA,NA,-2505,0.48911542,False,0.0," Step Response (State:idle, Speed:-0.5, Q:0.0)",0.0017376422417482336,0.004831980197830132,0.23923389115063642,3961.132706,0.01618,0.014587163925170898,0.0,0,0,0,3318,4.0,12.483333333333348
8382.582462072372,19.99999999998181,3326,8.0,-0.029413189881956542,0.6135923151548145,0.9995674633154116,-0.029408948998446725,735,-0.06373390557939915,0.28892703862687225,NA,NA,0.0,NA,NA,NA,-3634,0.7511288,False,0.0," Step Response (State:idle, Speed:-0.5, Q:0.0)",0.0008651357390320307,0.004062010720403766,0.5641944633172358,3961.152706,0.01784,0.016309738159179688,0.0,0,0,0,3326,8.0,5.100000000000012
8382.602726221085,19.99999999998181,3332,6.0,-0.0202093051546427,0.4601942363661109,0.9997957989426404,-0.020207929548755003,659,-0.0572755364806867,0.32291845493591603,NA,NA,0.0,NA,NA,NA,-1959,0.36234248,False,0.0," Step Response (State:idle, Speed:-0.5, Q:0.0)",0.00040841601483346794,0.003280487079150473,0.13129207052601544,3961.172706,0.01723,0.015590190887451172,0.0,1,0,0,3332,6.0,2.949999999999992
8382.623077392578,19.99999999998181,3338,6.0,-0.011005420427328855,0.4601942363661109,0.9999394409718514,-0.011005198267243443,585,-0.050987124463519315,0.31442060085865525,NA,NA,0.0,NA,NA,NA,-2367,0.45709887,False,0.0," Step Response (State:idle, Speed:-0.5, Q:0.0)",0.00012111927878226723,0.00259968686105841,0.20893937829868836,3961.192706,0.01531,0.013732671737670898,0.0,0,0,0,3338,6.0,1.4666666666666561
8382.64315533638,19.99999999998181,3344,6.0,-0.0018015357000150112,0.4601942363661109,0.9999983772349997,-0.0018015347255252122,513,-0.044868669527897,0.30592274678139414,NA,NA,0.0,NA,NA,NA,-3333,0.68140924,False,0.0," Step Response (State:idle, Speed:-0.5, Q:0.0)",3.2455308784285763e-06,0.0020131975052036324,0.4643185520425419,3961.212706,0.01534,0.013648271560668945,0.0,0,0,0,3344,6.0,0.31666666666666465
8382.663467407227,19.99999999998181,3350,6.0,0.007402349027298832,0.4601942363661109,0.9999726027395416,0.007402281425813924,436,-0.03832532188841202,0.3271673819745464,NA,NA,0.0,NA,NA,NA,-4001,0.8363821,False,0.0," Step Response (State:idle, Speed:-0.5, Q:0.0)",5.479477112195197e-05,0.0014688302978503934,0.6995350022214417,3961.232706,0.01583,0.014329910278320312,0.0,0,0,0,3350,6.0,1.5666666666666587
8382.683778762817,20.000000000436557,3358,8.0,0.019674195330383976,0.6135923151408631,0.9998064692617309,0.019672926126825727,349,-0.03093218884120172,0.36965665235244627,NA,NA,0.0,NA,NA,NA,-3239,0.65935856,False,0.0," Step Response (State:idle, Speed:-0.5, Q:0.0)",0.0003870739618981026,0.0009568003065077641,0.4347537120153824,3961.252706,0.01567,0.014229774475097656,0.0,0,0,0,3358,8.0,4.499999999999991
8382.704068422318,19.99999999998181,3370,12.0,0.03808196478501166,0.9203884727322218,0.9992749696075112,0.038072760812787446,256,-0.023029184549356225,0.3951502145926341,NA,NA,0.0,NA,NA,NA,-3888,0.81017464,False,0.0," Step Response (State:idle, Speed:-0.5, Q:0.0)",0.0014502360418868685,0.0005303433410083075,0.6563829537697963,3961.272706,0.0151,0.013507366180419922,0.0,2,0,0,3370,12.0,8.133333333333338
8382.724588394165,19.99999999998181,3382,12.0,0.05648973423963935,0.9203884727322218,0.9984048792116323,0.05645969506121927,159,-0.014786266094420603,0.41214592274715595,NA,NA,0.0,NA,NA,NA,-2446,0.4754299,False,0.0," Step Response (State:idle, Speed:-0.5, Q:0.0)",0.0031910900744650823,0.0002186336650150123,0.22603358272057505,3961.292706,0.01754,0.01596856117248535,0.0,0,0,0,3382,12.0,12.866666666666674
8382.744678974152,19.99999999998181,3392,10.0,0.07182954211849576,0.7669903939435182,0.9974213674265349,0.0717677908325268,63,-0.0066283261802575115,0.40789699570852556,NA,NA,0.0,NA,NA,NA,-379,-0.004478828,False,0.0," Step Response (State:idle, Speed:-0.5, Q:0.0)",0.005159483120952757,4.393470795188713e-05,2.0059900703224033e-05,3961.312706,0.01558,0.013875246047973633,0.0,2,0,0,3392,10.0,15.000000000000004
8382.76510810852,19.99999999998181,3404,12.0,0.09023731157312345,0.9203884727322218,0.9959313757478675,0.09011489777478496,-10,-0.000424892703862661,0.3101716738200246,NA,NA,0.0,NA,NA,NA,-210,-0.043712128,False,0.0," Step Response (State:idle, Speed:-0.5, Q:0.0)",0.00814277239994496,1.8053380979572294e-07,0.0019107501302465663,3961.332706,0.01616,0.014655113220214844,0.0,0,0,0,3404,12.0,13.066666666666674
8382.785163164139,19.99999999998181,3406,2.0,0.09330527314889475,0.15339807878870362,0.9956502200950921,0.0931699480765917,-60,0.003824034334763949,0.21244635193152372,NA,NA,0.0,NA,NA,NA,2222,-0.6085447,False,0.0," Step Response (State:idle, Speed:-0.5, Q:0.0)",0.00870587399738986,1.4623238593453556e-05,0.37032666078074783,3961.352706,0.01478,0.013087272644042969,0.0,2,0,0,3406,2.0,14.399999999999991
8382.805597782135,19.99999999998181,3406,0.0,0.09330527314889475,0.0,0.9956502200950921,0.0931699480765917,-74,0.005013733905579399,0.059484978540826614,NA,NA,0.0,NA,NA,NA,883,-0.2976464,False,0.0," Step Response (State:idle, Speed:-0.5, Q:0.0)",0.00870587399738986,2.5137527675956454e-05,0.08859338140497641,3961.372706,0.01706,0.015572309494018555,0.0,0,0,0,3406,0.0,4.100000000000002
8382.825791835785,19.99999999998181,3398,-8.0,0.08103342684580961,-0.6135923151548145,0.9967185880495639,0.08094477275577212,-66,0.004333905579399142,-0.03399141630904375,NA,NA,0.0,NA,NA,NA,2206,-0.6046795,False,0.0," Step Response (State:idle, Speed:-0.5, Q:0.0)",0.006566416266375177,1.8782737571147015e-05,0.3656373278315108,3961.392706,0.01406,0.012392282485961914,0.0,0,0,0,3398,-8.0,-3.8000000000000056
8382.846054315567,19.99999999998181,3390,-8.0,0.06876158054272449,-0.6135923151548145,0.9976368538508947,0.06870740744991384,-42,0.0022944206008583693,-0.10197424892713139,NA,NA,0.0,NA,NA,NA,1201,-0.19932434,False,0.0," Step Response (State:idle, Speed:-0.5, Q:0.0)",0.004728154958733587,5.264365893643281e-06,0.039730192368225836,3961.412706,0.01482,0.013290882110595703,0.0,0,0,0,3390,-8.0,-14.833333333333346
8382.866628170013,19.99999999998181,3378,-12.0,0.050353811088096806,-0.9203884727322218,0.9987325146981536,0.050332535051419755,-12,-0.00025493562231759657,-0.12746781115891423,NA,NA,0.0,NA,NA,NA,2186,-0.4279798,False,0.0," Step Response (State:idle, Speed:-0.5, Q:0.0)",0.0025355062910957407,6.499217152646024e-08,0.1831667067470386,3961.432706,0.01707,0.015489578247070312,0.0,0,0,0,3378,-12.0,-19.10000000000001
8382.886713981628,19.99999999998181,3365,-13.0,0.030412060845583455,-0.9970875121265736,0.9995375889192919,0.030407373076419515,24,-0.0033141630901287558,-0.15296137339069707,NA,NA,0.0,NA,NA,NA,-337,0.15780537,False,0.0," Step Response (State:idle, Speed:-0.5, Q:0.0)",0.0009248934448754702,1.0983676987971783e-05,0.02490253426564082,3961.452706,0.018,0.016226530075073242,0.0,0,0,0,3365,-13.0,-21.36666666666666
8382.906850337982,19.99999999998181,3355,-10.0,0.01507225296672704,-0.7669903939435182,0.9998864157455492,0.015071682305533707,54,-0.005863519313304722,-0.12746781115891423,NA,NA,0.0,NA,NA,NA,-1372,0.39806163,False,0.0," Step Response (State:idle, Speed:-0.5, Q:0.0)",0.00022717280949301205,3.438085873749748e-05,0.15845306375423718,3961.472706,0.01602,0.014379024505615234,0.0,0,0,0,3355,-10.0,-19.800000000000004
8382.92735505104,19.99999999998181,3350,-5.0,0.007402349027298832,-0.3834951969717591,0.9999726027395416,0.007402281425813924,61,-0.0064583690987124465,-0.029742489270413286,NA,NA,0.0,NA,NA,NA,-1961,0.5349592,False,0.0," Step Response (State:idle, Speed:-0.5, Q:0.0)",5.479477112195197e-05,4.171053141520382e-05,0.2861813425023598,3961.492706,0.01567,0.014093160629272461,0.0,0,0,0,3350,-5.0,-14.066666666666674
8382.94746208191,19.99999999998181,3350,0.0,0.007402349027298832,0.0,0.9999726027395416,0.007402281425813924,45,-0.005098712446351932,0.06798283261808755,NA,NA,0.0,NA,NA,NA,-1576,0.44553867,False,0.0," Step Response (State:idle, Speed:-0.5, Q:0.0)",5.479477112195197e-05,2.5996868610584104e-05,0.19850470630907413,3961.512706,0.01662,0.014950275421142578,0.0,0,0,0,3350,0.0,-4.4500000000000135
8382.967934131622,19.99999999998181,3352,2.0,0.010470310603070132,0.15339807878870362,0.9999451867986928,0.010470119298623447,17,-0.00271931330472103,0.1189699570816533,NA,NA,0.0,NA,NA,NA,-1649,0.29026562,False,0.0," Step Response (State:idle, Speed:-0.5, Q:0.0)",0.00010962740412476283,7.394664849232811e-06,0.08425413001163307,3961.532706,0.01545,0.013761281967163086,0.0,0,0,0,3352,2.0,6.516666666666662
8382.987921237946,19.99999999998181,3358,6.0,0.019674195330383976,0.4601942363661109,0.9998064692617309,0.019672926126825727,-16,8.49785407725322e-05,0.14021459227480565,NA,NA,0.0,NA,NA,NA,-2438,0.47349194,False,0.0," Step Response (State:idle, Speed:-0.5, Q:0.0)",0.0003870739618981026,7.221352391828917e-09,0.2241946143302167,3961.552706,0.01669,0.015009164810180664,0.0,0,0,0,3358,6.0,10.983333333333338
8383.00822019577,19.99999999998181,3364,6.0,0.02887808005769782,0.4601942363661109,0.999583057222859,0.028874066443827437,-59,0.0037390557939914167,0.1827038626611104,NA,NA,0.0,NA,NA,NA,224,-0.14465033,False,0.0," Step Response (State:idle, Speed:-0.5, Q:0.0)",0.0008339435078188044,1.3980538230580783e-05,0.020923716574419382,3961.572706,0.01787,0.016341447830200195,0.0,2,0,0,3364,6.0,16.049999999999986
8383.0285551548,19.99999999998181,3372,8.0,0.041149926360782935,0.6135923151548145,0.999153461245198,0.04113831403619507,-94,0.006713304721030044,0.1487124463520666,NA,NA,0.0,NA,NA,NA,957,-0.31485465,False,0.0," Step Response (State:idle, Speed:-0.5, Q:0.0)",0.0016933164394978583,4.5068460277404274e-05,0.09913345169053489,3961.592706,0.01536,0.013811349868774414,0.0,2,0,0,3372,8.0,14.816666666666668
8383.048870801926,19.99999999998181,3374,2.0,0.044217887936554234,0.15339807878870362,0.9990225484699824,0.04420348005012359,-107,0.007818025751072962,0.05523605150219615,NA,NA,0.0,NA,NA,NA,2492,-0.6710733,False,0.0," Step Response (State:idle, Speed:-0.5, Q:0.0)",0.0019552216135696686,6.112152664443994e-05,0.45033939749772856,3961.612706,0.01724,0.01563549041748047,0.0,2,0,0,3374,2.0,14.183333333333339
8383.06931400299,19.99999999998181,3370,-4.0,0.03808196478501166,-0.30679615757740725,0.9992749696075112,0.038072760812787446,-93,0.0066283261802575115,-0.059484978540826614,NA,NA,0.0,NA,NA,NA,1927,-0.5400026,False,0.0," Step Response (State:idle, Speed:-0.5, Q:0.0)",0.0014502360418868685,4.393470795188713e-05,0.2916027912206687,3961.632706,0.01773,0.01598834991455078,0.0,0,0,0,3370,-4.0,4.916666666666648
8383.089485168457,19.99999999998181,3362,-8.0,0.025810118481926547,-0.6135923151548145,0.9996669373820679,0.025807252956419377,-63,0.004078969957081545,-0.12746781115891426,NA,NA,0.0,NA,NA,NA,1200,-0.19907765,False,0.0," Step Response (State:idle, Speed:-0.5, Q:0.0)",0.0006661622160510863,1.6637995910773822e-05,0.039631911089715866,3961.652706,0.01743,0.01564955711364746,0.0,0,0,0,3362,-8.0,-6.650000000000009
8383.109947919846,19.99999999998181,3354,-8.0,0.013538272178841404,-0.6135923151548145,0.9999083589929191,0.013537858622682582,-29,0.0011896995708154507,-0.1444635193134361,NA,NA,0.0,NA,NA,NA,-136,0.11119288,False,0.0," Step Response (State:idle, Speed:-0.5, Q:0.0)",0.00018328481358839119,1.4153850687984675e-06,0.012363857021032487,3961.672706,0.01732,0.015627622604370117,0.0,0,0,0,3354,-8.0,-15.700000000000017
8383.129886388779,19.99999999998181,3346,-8.0,0.0012664258757562885,-0.6135923151548145,0.9999991980828578,0.0012664255372333974,-4,-0.0009347639484978542,-0.10622317596576186,NA,NA,0.0,NA,NA,NA,49,0.06796708,False,0.0," Step Response (State:idle, Speed:-0.5, Q:0.0)",1.6038344987850822e-06,8.737836394112989e-07,0.004619523906610967,3961.692706,0.01654,0.014643669128417969,0.0,0,0,0,3346,-8.0,-18.533333333333335
8383.150467157364,19.99999999998181,3341,-5.0,-0.006403478063671919,-0.3834951969717591,0.9999794978044011,-0.006403434301825513,11,-0.002209442060085837,-0.06373390557945711,NA,NA,0.0,NA,NA,NA,-1591,0.44890246,False,0.0," Step Response (State:idle, Speed:-0.5, Q:0.0)",4.100453131192747e-05,4.881634216876348e-06,0.20151341675579548,3961.712706,0.01834,0.016815662384033203,0.0,0,0,0,3341,-5.0,-17.33333333333333
8383.170706748962,19.99999999998181,3339,-2.0,-0.009471439639443205,-0.15339807878870362,0.999955146250892,-0.009471298029160658,10,-0.0021244635193133046,0.004248927038630491,NA,NA,0.0,NA,NA,NA,-1744,0.48457095,False,0.0," Step Response (State:idle, Speed:-0.5, Q:0.0)",8.970816884361603e-05,4.513345244893072e-06,0.2348090058452792,3961.732706,0.01644,0.014667749404907227,0.0,0,0,0,3339,-2.0,-11.4
8383.190855503082,20.000000000436557,3342,3.0,-0.004869497275786283,0.23009711817782363,0.999988144021568,-0.004869478031552847,-9,-0.0005098712446351931,0.08072961373214342,NA,NA,0.0,NA,NA,NA,-1431,0.23986676,False,0.0," Step Response (State:idle, Speed:-0.5, Q:0.0)",2.3712003718890033e-05,2.5996868610584096e-07,0.057536064161610945,3961.752706,0.01619,0.01427602767944336,0.0,0,0,0,3342,3.0,-2.399999999999995
8383.210966825485,19.99999999998181,3350,8.0,0.007402349027298832,0.6135923151548145,0.9999726027395416,0.007402281425813924,-37,0.0018695278969957083,0.11896995708165327,NA,NA,0.0,NA,NA,NA,-895,0.11536757,False,0.0," Step Response (State:idle, Speed:-0.5, Q:0.0)",5.479477112195197e-05,3.4951345576451957e-06,0.013309675983737501,3961.772706,0.01605,0.01418161392211914,0.0,2,0,0,3350,8.0,7.683333333333339
8383.231212377548,19.99999999998181,3355,5.0,0.01507225296672704,0.3834951969717591,0.9998864157455492,0.015071682305533707,-64,0.004163948497854077,0.11472103004302278,NA,NA,0.0,NA,NA,NA,391,-0.18351707,False,0.0," Step Response (State:idle, Speed:-0.5, Q:0.0)",0.00022717280949301205,1.7338467092781228e-05,0.03367851447652814,3961.792706,0.01433,0.01264047622680664,0.0,0,0,0,3355,5.0,17.383333333333358
8383.251625537872,19.99999999998181,3356,1.0,0.016606233754612676,0.07669903939435181,0.9998621196688577,0.0166054705232605,-80,0.0055236051502145925,0.0679828326180876,NA,NA,0.0,NA,NA,NA,-2132,0.40254426,False,0.0," Step Response (State:idle, Speed:-0.5, Q:0.0)",0.0002757669995128374,3.051021385547717e-05,0.16204188127909447,3961.812706,0.01609,0.014490604400634766,0.0,0,0,0,3356,1.0,15.950000000000006
8383.271837472916,19.99999999998181,3360,4.0,0.022742156906155248,0.30679615757740725,0.9997414082953414,0.02274019656131783,-103,0.007478111587982833,0.09772532188850093,NA,NA,0.0,NA,NA,NA,-1712,0.3050376,False,0.0," Step Response (State:idle, Speed:-0.5, Q:0.0)",0.0005172057007441849,5.592215292232313e-05,0.09304793002031264,3961.832706,0.01691,0.01520085334777832,0.0,0,0,0,3360,4.0,8.183333333333334
8383.292130708694,19.99999999998181,3366,6.0,0.03194604163346909,0.4601942363661109,0.9994897686072266,0.03194060815752551,-134,0.010112446351931332,0.13171673819754473,NA,NA,0.0,NA,NA,NA,-437,0.009031162,False,0.0," Step Response (State:idle, Speed:-0.5, Q:0.0)",0.0010205495760473404,0.00010226157122068931,8.156188103591866e-05,3961.852706,0.01606,0.014316797256469727,0.0,0,0,0,3366,6.0,4.333333333333325
8383.312461137772,19.99999999998181,3374,8.0,0.044217887936554234,0.6135923151548145,0.9990225484699824,0.04420348005012359,-162,0.012491845493562232,0.11896995708165323,NA,NA,0.0,NA,NA,NA,-6,-0.09112483,False,0.0," Step Response (State:idle, Speed:-0.5, Q:0.0)",0.0019552216135696686,0.00015604620383503106,0.008303735121874212,3961.872706,0.01562,0.013814210891723633,0.0,0,0,0,3374,8.0,3.5166666666666586
8383.332759857178,19.99999999998181,3379,5.0,0.05188779187598244,0.3834951969717591,0.9986541305296188,0.05186451172170662,-180,0.014021459227467812,0.07648068669534853,NA,NA,0.0,NA,NA,NA,912,-0.3044909,False,0.0," Step Response (State:idle, Speed:-0.5, Q:0.0)",0.0026923429457652694,0.00019660131886754226,0.0927147045771557,3961.892706,0.01829,0.0165560245513916,0.0,0,0,0,3379,5.0,4.733333333333336
8383.352880239487,19.99999999998181,3382,3.0,0.05648973423963935,0.23009711818305545,0.9984048792116323,0.05645969506121927,-183,0.014276394849785408,0.012746781115891408,NA,NA,0.0,NA,NA,NA,2112,-0.5829897,False,0.0," Step Response (State:idle, Speed:-0.5, Q:0.0)",0.0031910900744650823,0.00020381544990697933,0.339876981780435,3961.912706,0.01521,0.013350725173950195,0.0,0,0,0,3382,3.0,3.8499999999999988
8383.373193740845,19.99999999998181,3382,0.0,0.05648973423963935,0.0,0.9984048792116323,0.05645969506121927,-164,0.012661802575107297,-0.08072961373397901,NA,NA,0.0,NA,NA,NA,3280,-0.8541088,False,0.0," Step Response (State:idle, Speed:-0.5, Q:0.0)",0.0031910900744650823,0.00016032124445099376,0.729501860045275,3961.932706,0.01723,0.015506744384765625,0.0,1,0,0,3382,0.0,2.350000000000004
8383.393717050552,19.99999999998181,3374,-8.0,0.044217887936554234,-0.6135923151548145,0.9990225484699824,0.04420348005012359,-124,0.00926266094420601,-0.16995708154521894,NA,NA,0.0,NA,NA,NA,3673,-0.77334553,False,0.0," Step Response (State:idle, Speed:-0.5, Q:0.0)",0.0019552216135696686,8.579688776731936e-05,0.5980633088221943,3961.952706,0.01663,0.014903068542480469,0.0,0,0,0,3374,-8.0,-0.08333333333333526
8383.41386795044,19.99999999998181,3364,-10.0,0.02887808005769782,-0.7669903939435182,0.999583057222859,0.028874066443827437,-63,0.004078969957081545,-0.25918454935645896,NA,NA,0.0,NA,NA,NA,1385,-0.24209155,False,0.0," Step Response (State:idle, Speed:-0.5, Q:0.0)",0.0008339435078188044,1.6637995910773822e-05,0.05860831927043031,3961.972706,0.01495,0.013090372085571289,0.0,2,0,0,3364,-10.0,-8.68333333333333
8383.434127807617,19.99999999998181,3350,-14.0,0.007402349027298832,-1.0737865515209255,0.9999726027395416,0.007402281425813924,-3,-0.0010197424892703863,-0.2549356223178284,NA,NA,0.0,NA,NA,NA,1686,-0.31188947,False,0.0," Step Response (State:idle, Speed:-0.5, Q:0.0)",5.479477112195197e-05,1.0398747444233639e-06,0.0972750412620691,3961.992706,0.01685,0.014996051788330078,0.0,0,0,0,3350,-14.0,-16.850000000000012
8383.454288959503,19.99999999998181,3342,-8.0,-0.004869497275786283,-0.6135923151548145,0.999988144021568,-0.004869478031552847,53,-0.005778540772532189,-0.23793991416330654,NA,NA,0.0,NA,NA,NA,-451,0.1843614,False,0.0," Step Response (State:idle, Speed:-0.5, Q:0.0)",2.3712003718890033e-05,3.339153345981691e-05,0.033989125153656374,3962.012706,0.01412,0.012273073196411133,0.0,0,0,0,3342,-8.0,-23.466666666666683
8383.474788427353,19.99999999998181,3334,-8.0,-0.017141343578871412,-0.6135923151548145,0.9998530907673503,-0.017140504163439426,88,-0.008752789699570817,-0.14871244635206665,NA,NA,0.0,NA,NA,NA,247,0.021973565,False,0.0," Step Response (State:idle, Speed:-0.5, Q:0.0)",0.0002938256596889162,7.661132752491298e-05,0.0004828375685141939,3962.032706,0.01412,0.017714500427246094,0.0,0,0,0,3334,-8.0,-17.48333333333333
8383.495086669922,19.99999999998181,3334,0.0,-0.017141343578871412,0.0,0.9998530907673503,-0.017140504163439426,108,-0.01045236051502146,-0.08497854077260947,NA,NA,0.0,NA,NA,NA,-1920,0.5254147,False,0.0," Step Response (State:idle, Speed:-0.5, Q:0.0)",0.0002938256596889162,0.00010925184033597969,0.27606061252078007,3962.052706,0.03603,0.01415395736694336,0.0,1,0,0,3334,0.0,-11.09999999999999
8383.515243291855,19.99999999998181,3338,4.0,-0.011005420427328855,0.30679615757740725,0.9999394409718514,-0.011005198267243443,104,-0.010112446351931332,0.016995708154521876,NA,NA,0.0,NA,NA,NA,244,0.022835415,False,0.0," Step Response (State:idle, Speed:-0.5, Q:0.0)",0.00012111927878226723,0.00010226157122068931,0.0005214561716763294,3962.072706,0.03603,0.01770782470703125,0.0,0,0,0,3338,4.0,1.4833333333333503
8383.535517215729,19.99999999998181,3341,3.0,-0.006403478063671919,0.23009711818305545,0.9999794978044011,-0.006403434301825513,92,-0.009092703862660945,0.050987124463565715,NA,NA,0.0,NA,NA,NA,-205,-0.04475253,False,0.0," Step Response (State:idle, Speed:-0.5, Q:0.0)",4.100453131192747e-05,8.267726353404927e-05,0.0020027890088530342,3962.092706,0.03475,0.012885093688964844,0.0,0,0,0,3341,3.0,11.599999999999998
8383.555655241013,19.99999999998181,3348,7.0,0.0043343874515275604,0.5368932757604628,0.9999906065574162,0.004334373879912507,85,-0.008497854077253219,0.029742489270413373,NA,NA,0.0,NA,NA,NA,-1647,0.28995433,False,0.0," Step Response (State:idle, Speed:-0.5, Q:0.0)",1.878691457995958e-05,7.221352391828915e-05,0.08407351609386016,3962.112706,0.01587,0.014073610305786133,0.0,2,0,0,3348,7.0,15.03333333333333
8383.576268672943,19.99999999998181,3350,2.0,0.007402349027298832,0.15339807878870362,0.9999726027395416,0.007402281425813924,68,-0.007053218884120172,0.07223175965671802,NA,NA,0.0,NA,NA,NA,1063,-0.3395494,False,0.0," Step Response (State:idle, Speed:-0.5, Q:0.0)",5.479477112195197e-05,4.97478966273094e-05,0.11529378992116168,3962.132706,0.01417,0.012479782104492188,0.0,0,0,0,3350,2.0,16.999999999999993
8383.596316814423,19.99999999998181,3358,8.0,0.019674195330383976,0.6135923151548145,0.9998064692617309,0.019672926126825727,65,-0.006798283261802576,0.012746781115891408,NA,NA,0.0,NA,NA,NA,-517,0.027601914,False,0.0," Step Response (State:idle, Speed:-0.5, Q:0.0)",0.0003870739618981026,4.621665530770507e-05,0.0007618656829793714,3962.152706,0.01647,0.014580965042114258,0.0,0,0,0,3358,8.0,9.149999999999999
8383.616650104523,19.99999999998181,3359,1.0,0.02120817611826961,0.07669903939435181,0.9997751150622463,0.02120658629464479,63,-0.0066283261802575115,0.008497854077260938,NA,NA,0.0,NA,NA,NA,1298,-0.3940759,False,0.0," Step Response (State:idle, Speed:-0.5, Q:0.0)",0.0004497867342635415,4.393470795188713e-05,0.15529581521005387,3962.172706,0.01428,0.012448787689208984,0.0,0,0,0,3359,1.0,8.266666666666666
8383.63743519783,19.99999999998181,3362,3.0,0.025810118481926547,0.23009711818305545,0.9996669373820679,0.025807252956419377,71,-0.007308154506437768,-0.03399141630904375,NA,NA,0.0,NA,NA,NA,-331,-0.015610397,False,0.0," Step Response (State:idle, Speed:-0.5, Q:0.0)",0.0006661622160510863,5.340912228996666e-05,0.00024368449019007699,3962.192706,0.01616,0.014403820037841797,0.0,0,0,0,3362,3.0,-0.01666666666666572
8383.657153844833,19.99999999998181,3362,0.0,0.025810118481926547,0.0,0.9996669373820679,0.025807252956419377,78,-0.007903004291845494,-0.029742489270413328,NA,NA,0.0,NA,NA,NA,1893,-0.35997957,False,0.0," Step Response (State:idle, Speed:-0.5, Q:0.0)",0.0006661622160510863,6.24574768369283e-05,0.12958529075399738,3962.212706,0.01616,0.018673419952392578,0.0,0,0,0,3362,0.0,-1.2999999999999972
8383.67771100998,19.99999999998181,3364,2.0,0.02887808005769782,0.15339807878870362,0.999583057222859,0.028874066443827437,88,-0.008752789699570817,-0.04248927038630478,NA,NA,0.0,NA,NA,NA,-807,0.26691794,False,0.0," Step Response (State:idle, Speed:-0.5, Q:0.0)",0.0008339435078188044,7.661132752491298e-05,0.0712451888048804,3962.232706,0.03527,0.013411521911621094,0.0,0,0,0,3364,2.0,-4.733333333333346
8383.697795152664,20.000000000436557,3366,2.0,0.03194604163346909,0.15339807878521577,0.9994897686072266,0.03194060815752551,90,-0.00892274678111588,-0.00849785407706772,NA,NA,0.0,NA,NA,NA,-1483,0.42394802,False,0.0," Step Response (State:idle, Speed:-0.5, Q:0.0)",0.0010205495760473404,7.961541011991381e-05,0.17973192344398203,3962.252706,0.0169,0.014987468719482422,0.0,2,0,0,3366,2.0,-1.8999999999999966
8383.718205451965,19.99999999998181,3371,5.0,0.0396159455728973,0.3834951969717591,0.9992153910515224,0.039605584022373734,78,-0.007903004291845494,0.050987124463565715,NA,NA,0.0,NA,NA,NA,-1422,0.409835,False,0.0," Step Response (State:idle, Speed:-0.5, Q:0.0)",0.0015694231436347611,6.24574768369283e-05,0.1679647360503731,3962.272706,0.01657,0.014878988265991211,0.0,0,0,0,3371,5.0,0.06666666666667265
8383.738470077515,19.99999999998181,3382,11.0,0.05648973423963935,0.8436894333378699,0.9984048792116323,0.05645969506121927,56,-0.006033476394849786,0.09347639484987041,NA,NA,0.0,NA,NA,NA,-2079,0.39029533,False,0.0," Step Response (State:idle, Speed:-0.5, Q:0.0)",0.0031910900744650823,3.640283740720957e-05,0.1523304420514684,3962.292706,0.01689,0.015036344528198242,0.0,0,0,0,3382,11.0,3.8333333333333353
8383.758553743362,19.99999999998181,3390,8.0,0.06876158054272449,0.6135923151548145,0.9976368538508947,0.06870740744991384,23,-0.0032291845493562232,0.14021459227480565,NA,NA,0.0,NA,NA,NA,609,-0.23410255,False,0.0," Step Response (State:idle, Speed:-0.5, Q:0.0)",0.004728154958733587,1.0427632853800955e-05,0.054804002590888246,3962.312706,0.01689,0.01788949966430664,0.0,0,0,0,3390,8.0,12.583333333333336
8383.779078006744,19.99999999998181,3405,15.0,0.09177129236100912,1.1504855909152771,0.9957919695188268,0.09164253074755192,-5,-0.000849785407725322,0.11896995708165327,NA,NA,0.0,NA,NA,NA,795,-0.27731308,False,0.0," Step Response (State:idle, Speed:-0.5, Q:0.0)",0.00842197010160981,7.221352391828917e-07,0.07690254623050752,3962.332706,0.03637,0.01452326774597168,0.0,1,0,0,3405,15.0,13.083333333333336
8383.799205064774,19.99999999998181,3414,9.0,0.10557711945197987,0.6902913545491663,0.9944319108797631,0.10538109234593691,-14,-8.49785407725322e-05,0.03824034334767427,NA,NA,0.0,NA,NA,NA,3493,-0.9036539,False,0.0," Step Response (State:idle, Speed:-0.5, Q:0.0)",0.011146528151777626,7.221352391828917e-09,0.8165904065834049,3962.352706,0.01577,0.013840675354003906,0.0,0,0,0,3414,9.0,20.316666666666674
8383.819509029388,19.99999999998181,3419,5.0,0.11324702339140807,0.3834951969717591,0.9935944061574329,0.1130051151614756,9,-0.0020394849785407725,-0.0977253218885009,NA,NA,0.0,NA,NA,NA,3907,-0.9997472,False,0.0," Step Response (State:idle, Speed:-0.5, Q:0.0)",0.012824888307014127,4.1594989776934554e-06,0.9994944973024111,3962.372706,0.01562,0.013878345489501953,0.0,1,0,0,3419,5.0,14.883333333333331
8383.839632034302,19.99999999998181,3416,-3.0,0.10864508102775117,-0.23009711818305545,0.9941039262588756,0.10843147050874202,61,-0.0064583690987124465,-0.22094420600878467,NA,NA,0.0,NA,NA,NA,4650,-1.0,False,0.0," Step Response (State:idle, Speed:-0.5, Q:0.0)",0.011803753631526616,4.171053141520382e-05,1.0,3962.392706,0.01602,0.014307975769042969,0.0,0,0,0,3416,-3.0,7.916666666666656
8383.859980344772,19.99999999998181,3410,-6.0,0.09944119630043732,-0.4601942363661109,0.995059797206905,0.09927738908005784,138,-0.013001716738197425,-0.3271673819745465,NA,NA,0.0,NA,NA,NA,4337,-0.9273051,False,0.0," Step Response (State:idle, Speed:-0.5, Q:0.0)",0.00988855152166211,0.00016904463814032308,0.8598947528412424,3962.412706,0.01656,0.014856576919555664,0.0,0,0,0,3410,-6.0,-5.316666666666672
8383.880435228348,19.99999999998181,3398,-12.0,0.08103342684580961,-0.9203884727322218,0.9967185880495639,0.08094477275577212,233,-0.021074678111587985,-0.4036480686698951,NA,NA,0.0,NA,NA,NA,4650,-1.0,False,0.0," Step Response (State:idle, Speed:-0.5, Q:0.0)",0.006566416266375177,0.0004441420575070457,1.0,3962.432706,0.01592,0.014076471328735352,0.0,0,0,0,3398,-12.0,-14.400000000000027
8383.900395870209,19.99999999998181,3387,-11.0,0.06415963817906756,-0.8436894333378699,0.9979424763689961,0.06411562881634686,338,-0.029997424892703864,-0.44613733905619973,NA,NA,0.0,NA,NA,NA,3424,-0.7153821,False,0.0," Step Response (State:idle, Speed:-0.5, Q:0.0)",0.004116459171268863,0.0008998455001934094,0.5117715477865659,3962.452706,0.01592,0.01729416847229004,0.0,0,0,0,3387,-11.0,-23.28333333333334
8383.920929670334,19.99999999998181,3374,-13.0,0.044217887936554234,-0.9970875121265736,0.9990225484699824,0.04420348005012359,447,-0.039260085836909875,-0.46313304721072174,NA,NA,0.0,NA,NA,NA,3732,-0.78696394,False,0.0," Step Response (State:idle, Speed:-0.5, Q:0.0)",0.0019552216135696686,0.0015413543399215314,0.6193122423358091,3962.472706,0.03682,0.015182971954345703,0.0,0,0,0,3374,-13.0,-23.33333333333334
8383.941200733185,19.99999999998181,3364,-10.0,0.02887808005769782,-0.7669903939435182,0.999583057222859,0.028874066443827437,555,-0.04843776824034335,-0.458884120172091,NA,NA,0.0,NA,NA,NA,3122,-0.645363,False,0.0," Step Response (State:idle, Speed:-0.5, Q:0.0)",0.0008339435078188044,0.002346217392105215,0.4164933671945761,3962.492706,0.01795,0.016214370727539062,0.0,0,0,0,3364,-10.0,-20.766666666666673
8383.961509943008,19.99999999998181,3352,-12.0,0.010470310603070132,-0.9203884727322218,0.9999451867986928,0.010470119298623447,660,-0.05736051502145923,-0.4461373390561999,NA,NA,0.0,NA,NA,NA,4312,-0.9215872,False,0.0," Step Response (State:idle, Speed:-0.5, Q:0.0)",0.00010962740412476283,0.00329022868352705,0.8493230202412292,3962.512706,0.01804,0.01630091667175293,0.0,1,0,0,3352,-12.0,-14.616666666666669
8383.981576442719,19.99999999998181,3343,-9.0,-0.003335516487900647,-0.6902913545491663,0.999994437170037,-0.003335510302928,766,-0.06636824034334764,-0.4503862660948299,NA,NA,0.0,NA,NA,NA,3667,-0.77196133,False,0.0," Step Response (State:idle, Speed:-0.5, Q:0.0)",1.1125670241057068e-05,0.004404743326272357,0.5959242971266718,3962.532706,0.01757,0.015718460083007812,0.0,2,0,0,3343,-9.0,-8.833333333333353
8384.001950979233,19.99999999998181,3334,-9.0,-0.017141343578871412,-0.6902913545491663,0.9998530907673503,-0.017140504163439426,872,-0.07537596566523605,-0.4503862660948303,NA,NA,0.0,NA,NA,NA,4338,-0.9276463,False,0.0," Step Response (State:idle, Speed:-0.5, Q:0.0)",0.0002938256596889162,0.0056815361999668435,0.8605276195641096,3962.552706,0.0174,0.015664100646972656,0.0,0,0,0,3334,-9.0,-5.06666666666667
8384.02243900299,19.99999999998181,3324,-10.0,-0.03248115145772783,-0.7669903939435182,0.9994725337766163,-0.03247544035345184,982,-0.0847236051502146,-0.4673819742493525,NA,NA,0.0,NA,NA,NA,4650,-0.9999998,False,0.0," Step Response (State:idle, Speed:-0.5, Q:0.0)",0.0010550252000198546,0.00717808926964947,0.9999996423721633,3962.572706,0.01757,0.015785694122314453,0.0,1,0,0,3324,-10.0,-3.4666666666666646
8384.042547941208,19.99999999998181,3310,-14.0,-0.0539568824881268,-1.0737865515209255,0.9985446805455889,-0.05393070511413537,1095,-0.09432618025751073,-0.4801287553652433,NA,NA,0.0,NA,NA,NA,4623,-0.9938351,False,0.0," Step Response (State:idle, Speed:-0.5, Q:0.0)",0.0029113451678375248,0.008897428281972408,0.9877081892774555,3962.592706,0.01743,0.015486717224121094,0.0,0,0,0,3310,-14.0,-5.633333333333341
8384.062630653381,19.99999999998181,3294,-16.0,-0.07850057509429706,-1.227184630309629,0.996920411798196,-0.07841997538966221,1213,-0.10435364806866954,-0.5013733905583962,NA,NA,0.0,NA,NA,NA,4134,-0.88037616,False,0.0," Step Response (State:idle, Speed:-0.5, Q:0.0)",0.006162340290135372,0.010889683865239736,0.7750621833513129,3962.612706,0.01847,0.01656365394592285,0.0,0,0,0,3294,-16.0,-11.033333333333328
8384.083092451096,19.99999999998181,3282,-12.0,-0.09690834454892476,-0.9203884727322218,0.9953080600261048,-0.09675673437581324,1331,-0.11438111587982833,-0.5013733905583956,NA,NA,0.0,NA,NA,NA,3648,-0.76753736,False,0.0," Step Response (State:idle, Speed:-0.5, Q:0.0)",0.009391227243213115,0.013083039669914715,0.5891135919696922,3962.632706,0.01774,0.01602911949157715,0.0,2,0,0,3282,-12.0,-17.300000000000004
8384.103471517563,19.99999999998181,3267,-15.0,-0.11991805636720937,-1.1504855909152771,0.9928184421737746,-0.11963085254080333,1446,-0.12415364806866953,-0.48862660944250474,NA,NA,0.0,NA,NA,NA,4465,-0.9571169,False,0.0," Step Response (State:idle, Speed:-0.5, Q:0.0)",0.014380340242889204,0.01541412832875905,0.9160727638539221,3962.652706,0.01662,0.014750003814697266,0.0,0,0,0,3267,-15.0,-15.900000000000007
8384.123496055603,19.99999999998181,3248,-19.0,-0.14906369133703656,-1.4572817484926843,0.9889105647187374,-0.1485122721786587,1561,-0.13392618025751074,-0.48862660944250474,NA,NA,0.0,NA,NA,NA,2803,-0.5713972,False,0.0," Step Response (State:idle, Speed:-0.5, Q:0.0)",0.02221998407502331,0.01793622175836726,0.32649474339804385,3962.672706,0.01897,0.01710343360900879,0.0,2,0,0,3248,-19.0,-17.51666666666668
8384.14391875267,19.99999999998181,3234,-14.0,-0.17053942236743552,-1.0737865515209255,0.9854933627797297,-0.1697139708954455,1672,-0.1433587982832618,-0.4716309012879825,NA,NA,0.0,NA,NA,NA,0,0.07958588,False,0.0," Step Response (State:idle, Speed:-0.5, Q:0.0)",0.029083694581418566,0.020551745045220948,0.006333912301919931,3962.692706,0.01897,0.017621278762817383,0.0,0,0,0,3234,-14.0,-20.333333333333336
8384.163974523544,19.99999999998181,3214,-20.0,-0.20121903812514835,-1.5339807878870364,0.9798236641968735,-0.19986392140607206,1777,-0.1522815450643777,-0.44613733905619957,NA,NA,0.0,NA,NA,NA,742,-0.0928233,False,0.0," Step Response (State:idle, Speed:-0.5, Q:0.0)",0.04048910130400991,0.023189668967194092,0.008616164426102024,3962.712706,0.02005,0.01813530921936035,0.0,0,0,0,3214,-20.0,-17.366666666666667
8384.184272527695,19.99999999998181,3198,-16.0,-0.2257627307313186,-1.227184630309629,0.9746236534594889,-0.22384980258485399,1865,-0.15975965665236053,-0.373905579399482,NA,NA,0.0,NA,NA,NA,-3281,0.8412045,False,0.0," Step Response (State:idle, Speed:-0.5, Q:0.0)",0.050968810587261874,0.025523147893680122,0.7076250512657367,3962.732706,0.01611,0.01436471939086914,0.0,0,0,0,3198,-16.0,-19.066666666666677
8384.204843997955,20.000000000436557,3186,-12.0,-0.24417050018594633,-0.9203884727112945,0.9703381916147247,-0.24175151270233233,1903,-0.16298884120171675,-0.16145922746428684,NA,NA,0.0,NA,NA,NA,-3897,0.98432,False,0.0," Step Response (State:idle, Speed:-0.5, Q:0.0)",0.05961923316105522,0.02656536235627844,0.9688858326988772,3962.752706,0.01676,0.015018939971923828,0.0,0,0,0,3186,-12.0,-16.75000000000002
8384.225163459778,19.99999999998181,3188,2.0,-0.24110253861017503,0.15339807878870362,0.9710753082067718,-0.23877341935634971,1885,-0.16145922746781116,0.07648068669534897,NA,NA,0.0,NA,NA,NA,-3963,0.99958783,False,0.0," Step Response (State:idle, Speed:-0.5, Q:0.0)",0.05813043412427094,0.026069082134502385,0.9991758376436657,3962.772706,0.01685,0.014858484268188477,0.0,0,0,0,3188,2.0,-12.033333333333319
8384.245264053345,19.99999999998181,3194,6.0,-0.23189865388286118,0.4601942363661109,0.9732317898772456,-0.2298257669895455,1833,-0.1570403433476395,0.22094420600878406,NA,NA,0.0,NA,NA,NA,-4706,1.0,False,0.0," Step Response (State:idle, Speed:-0.5, Q:0.0)",0.05377698567268305,0.024661669438744503,1.0,3962.792706,0.01683,0.014946937561035156,0.0,1,0,0,3194,6.0,2.5499999999999794
8384.265365600586,19.99999999998181,3206,12.0,-0.2134908844282335,0.9203884727322218,0.9772972475135281,-0.21187281562881516,1753,-0.15024206008583693,0.33991416309043754,NA,NA,0.0,NA,NA,NA,-4706,0.9999927,False,0.0," Step Response (State:idle, Speed:-0.5, Q:0.0)",0.04557835773394935,0.022572676618836236,0.9999854565195534,3962.812706,0.01671,0.014977455139160156,0.0,0,0,0,3206,12.0,14.533333333333362
8384.28593993187,19.99999999998181,3218,12.0,-0.1950831149736058,0.9203884727322218,0.9810315612605696,-0.1938480740442095,1656,-0.1419991416309013,0.4121459227471565,NA,NA,0.0,NA,NA,NA,-4706,1.0,False,0.0," Step Response (State:idle, Speed:-0.5, Q:0.0)",0.038057421747805104,0.020163756223912765,1.0,3962.832706,0.01702,0.015350580215454102,0.0,0,0,0,3218,12.0,25.55000000000001
