# This is CartPole simulation from 29.06.2021 at time 11:35:35
# Done with git-revision: fa815dbaab5046db804e0fabc5f04b5bccbe0ddf
#
# Length of experiment: 4 s
#
# Time intervals dt:
# Simulation: 0.002 s
# Controller update: 0.02 s
# Saving: 0.02 s
#
# Controller: mppi
#
# Parameters:
# m: 0.087
# M: 0.23
# L: 0.1975
# u_max: 6.21
# M_fric: 6.34
# J_fric: 0.00025
# v_max: 0.8
# TrackHalfLength: 0.198
# controlDisturbance: 0.0
# controlBias: 0.0
# sensorNoise: 0.0
# g: 9.81
# k: 1.3333333333333333
#
# Data:
time,angle,angleD,angleDD,angle_cos,angle_sin,position,positionD,positionDD,Q,u,target_position
0.0,3.0581207,-0.051945932,-8.075993745845238,-0.99651825,0.08337502,-0.018448249,0.0013258564,4.55621572605439,0.21166627,1.3144475,-0.01844824834593895
0.020000000000000004,3.0558283,-0.17734423,-10.298464415389669,-0.9963245,0.08565922,-0.017693335,0.075929664,5.609390638668212,0.33547732,2.0833142,-0.01844824834593895
0.04000000000000002,3.0506768,-0.3383304,-6.374508736097703,-0.99587,0.09079064,-0.015278129,0.16775092,3.849061661249916,0.35020843,2.1747944,-0.01844824834593895
0.06000000000000004,3.0429392,-0.43404606,-8.82763208864905,-0.9951377,0.09849352,-0.011308126,0.23071174,5.065232771876945,0.46984974,2.9177668,-0.01844824834593895
0.08000000000000006,3.0329003,-0.56882596,-10.758890993853795,-0.9940988,0.10847843,-0.005884589,0.31356612,6.066304099351052,0.60029906,3.727857,-0.01844824834593895
0.10000000000000007,3.0198655,-0.7337694,-10.749050894174484,-0.9926004,0.121426746,0.0013559067,0.412782,6.201280844206241,0.7086374,4.4006386,-0.01844824834593895
0.12000000000000009,3.0035431,-0.89677656,-5.999379115846112,-0.99048626,0.13761145,0.010602091,0.51417094,4.167377460205769,0.7215299,4.4807005,-0.01844824834593895
0.1400000000000001,2.98473,-0.9802013,-7.432479125986005,-0.9877223,0.15622015,0.021550726,0.58222646,5.033718320013565,0.83147234,5.163443,-0.01844824834593895
0.16000000000000011,2.9640296,-1.0851998,-7.223169260512912,-0.98427707,0.17663151,0.033998895,0.6644542,5.1583259386025535,0.9225834,5.729243,-0.01844824834593895
0.18000000000000013,2.941274,-1.1847126,3.79834480427955,-0.9800032,0.19898169,0.048111465,0.74870795,0.22330909195331466,0.78685284,4.8863564,-0.01844824834593895
0.20000000000000015,2.918299,-1.1022148,4.826491486626127,-0.97517335,0.22144274,0.06312012,0.75215083,-0.03672974568140759,0.7797887,4.842488,-0.01844824834593895
0.22000000000000017,2.8971455,-1.0015885,9.02978401396208,-0.9702713,0.24201994,0.07815622,0.7513623,-1.8267439898915094,0.6987557,4.339273,-0.01844824834593895
0.24000000000000019,2.878682,-0.83120346,7.725031258265357,-0.96563756,0.25989237,0.09289044,0.72127587,-1.033839209040899,0.7047378,4.3764215,-0.01844824834593895
0.2600000000000002,2.8634217,-0.68145555,10.583603224092332,-0.9615593,0.27459738,0.1071499,0.7042101,-2.2604552040662926,0.63207424,3.9251812,-0.01844824834593895
0.2800000000000002,2.8516161,-0.48446137,15.351031692718005,-0.9582506,0.2859297,0.12087194,0.6670574,-4.447947365250011,0.49485582,3.0730546,-0.01844824834593895
0.3000000000000002,2.8445132,-0.20934376,13.21771834083057,-0.9561955,0.29272887,0.13350096,0.59404427,-3.363798958403604,0.46977487,2.917302,-0.01844824834593895
0.32000000000000023,2.8425694,0.030390894,14.496041527132139,-0.95562464,0.294587,0.1448433,0.5388293,-3.966832700998273,0.3859456,2.396722,-0.01844824834593895
0.34000000000000025,2.8456204,0.29035965,26.760589976363146,-0.956519,0.29166996,0.15498489,0.47373164,-9.905829790355412,0.048881467,0.3035539,-0.01844824834593895
0.36000000000000026,2.855829,0.75049025,26.93121585979495,-0.95944667,0.2818902,0.16287364,0.31113982,-10.064528910190353,-0.12417411,-0.7711212,-0.01844824834593895
0.3800000000000003,2.875256,1.2112515,19.31958813505344,-0.9647416,0.26319897,0.16748518,0.14595972,-6.570414161731209,-0.13374351,-0.8305472,-0.01844824834593895
0.4000000000000003,2.9026616,1.5437244,18.981608558491395,-0.9715915,0.23666422,0.16935316,0.038250078,-6.636681369356124,-0.247141,-1.5347457,-0.01844824834593895
0.4200000000000003,2.9366431,1.8671656,20.40299643074375,-0.97907126,0.20351775,0.16905694,-0.07043765,-7.591928252093946,-0.40222013,-2.497787,-0.01844824834593895
0.44000000000000034,2.9772987,2.209881,23.5574701952866,-0.98653406,0.1635558,0.16643482,-0.19466089,-9.410459236479662,-0.61259514,-3.804216,-0.01844824834593895
0.46000000000000035,3.0252879,2.599522,20.683696701398564,-0.99324423,0.116042756,0.16103823,-0.34852433,-8.488526629476006,-0.73011863,-4.5340366,-0.01844824834593895
0.48000000000000037,3.0805764,2.9359932,21.633286724651477,-0.9981391,0.060978383,0.15271343,-0.4869947,-9.431410993610292,-0.91743153,-5.69725,-0.01844824834593895
0.5000000000000003,-3.1404753,3.2814546,16.521283901555062,-0.9999994,-0.0011173802,0.14147003,-0.6406247,-7.672268884533933,-1.0,-6.21,-0.01844824834593895
0.5200000000000004,-3.0722897,3.535998,6.519579579185874,-0.9975995,-0.069247484,0.12743703,-0.7651458,-3.7441932300401715,-0.9566919,-5.9410567,-0.01844824834593895
0.5400000000000004,-3.0006485,3.6203582,2.7367551385977906,-0.9900838,-0.14047797,0.111542374,-0.82522243,-2.718913338170458,-0.9788865,-6.078885,-0.01844824834593895
0.5600000000000004,-2.9279566,3.6371193,-6.936514383009769,-0.9772665,-0.2120147,0.09461005,-0.868527,1.0885403083658283,-0.857659,-5.326062,-0.01844824834593895
0.5800000000000004,-2.856498,3.4916093,-5.015350432048226,-0.959635,-0.28124827,0.077419065,-0.84972554,-0.5195794896164968,-0.9168405,-5.6935797,-0.01844824834593895
0.6000000000000004,-2.7876687,3.3728652,-9.06531930913169,-0.93802,-0.34658122,0.0603463,-0.8573864,0.77670563397752,-0.8701243,-5.403472,-0.01844824834593895
0.6200000000000004,-2.72188,3.1845322,-6.723396848254086,-0.91320604,-0.4074981,0.043326274,-0.84405065,-1.03539052699013,-0.94299597,-5.856005,-0.01844824834593895
0.6400000000000005,-2.6595068,3.030474,-10.223957770963562,-0.8860298,-0.46362832,0.02628235,-0.8605534,0.1345940788566231,-0.9085434,-5.6420546,-0.01844824834593895
0.6600000000000005,-2.6007886,2.8165598,-10.766934919569554,-0.857295,-0.5148255,0.009094338,-0.8580892,-0.15123763062548473,-0.92061275,-5.7170053,-0.01844824834593895
0.6800000000000005,-2.5464506,2.591072,-12.443333383535956,-0.82806885,-0.5606264,-0.008091043,-0.86047584,0.2377324884015737,-0.90527785,-5.6217756,-0.01844824834593895
0.7000000000000005,-2.496902,2.3360572,-13.632176974681157,-0.7992857,-0.60095125,-0.025262656,-0.85661274,0.4414460791854334,-0.89123297,-5.534557,-0.01844824834593895
0.7200000000000005,-2.452654,2.0597787,-14.15476511661104,-0.7719211,-0.63571835,-0.042324908,-0.84949476,0.33244521080120165,-0.8880029,-5.5144978,-0.01844824834593895
0.7400000000000005,-2.4140239,1.7733898,-12.893340178963404,-0.7467935,-0.665056,-0.0592626,-0.8442275,-0.814576660384991,-0.9359107,-5.8120055,-0.01844824834593895
0.7600000000000006,-2.3809278,1.5062567,-17.51272536575328,-0.7243778,-0.68940324,-0.0762793,-0.8579098,1.7746085897515695,-0.82470965,-5.121447,-0.01844824834593895
0.7800000000000006,-2.3539166,1.1628075,-23.8408637566067,-0.7054943,-0.7087156,-0.09315366,-0.82883364,5.694229501743578,-0.60470253,-3.7552028,-0.01844824834593895
0.8000000000000006,-2.3347905,0.7150198,-20.053537128898327,-0.691811,-0.72207856,-0.10881565,-0.73482865,3.10394658334239,-0.6311728,-3.919583,-0.01844824834593895
0.8200000000000006,-2.3240156,0.3290555,-19.654888537747432,-0.6839908,-0.7294907,-0.12301335,-0.68353796,2.7727520517175037,-0.59372354,-3.6870232,-0.01844824834593895
0.8400000000000006,-2.3208961,-0.050249368,-17.741225826777097,-0.6817118,-0.7316208,-0.13623782,-0.6376068,1.4658378001676216,-0.6095975,-3.7856004,-0.01844824834593895
0.8600000000000007,-2.3250523,-0.397311,-13.555565730012257,-0.6847466,-0.7287812,-0.14875363,-0.6132462,-1.3095448284244477,-0.7189329,-4.4645734,-0.01844824834593895
0.8800000000000007,-2.3354685,-0.67373276,-12.449850503333364,-0.6923005,-0.7216093,-0.16122909,-0.63488895,-1.9238453755925002,-0.77114004,-4.7887797,-0.01844824834593895
0.9000000000000007,-2.3512275,-0.9304054,-13.306635937711627,-0.7035859,-0.7106102,-0.17423622,-0.666692,-1.1731441760105317,-0.7681405,-4.7701526,-0.01844824834593895
0.9200000000000007,-2.37225,-1.1998559,-13.916363010389542,-0.7183682,-0.69566315,-0.1877582,-0.685992,-0.5482891741357188,-0.75877297,-4.7119803,-0.01844824834593895
0.9400000000000007,-2.4322817,-6.4424934,31.68280706220344,-0.7588108,-0.65131104,-0.19474314,0.58191586,-27.53798074051607,-0.8199035,-5.091601,-0.01844824834593895
0.9600000000000007,-2.5559392,-5.9027042,22.262416338807704,-0.8333511,-0.5527441,-0.18757488,0.11938463,-18.714562199576243,-0.835387,-5.187753,-0.01844824834593895
0.9800000000000008,-2.670391,-5.531252,12.272631829974738,-0.89102346,-0.45395723,-0.18822047,-0.19420153,-11.255012997844155,-0.7809703,-4.8498254,-0.01844824834593895
1.0000000000000007,-2.77905,-5.329434,-7.667797954036823,-0.93499815,-0.35465264,-0.19392881,-0.3828541,0.14115106512188536,-0.43137196,-2.67882,-0.01844824834593895
1.0200000000000007,-2.9338827,-8.891709,7.910042187137937,-0.97850573,-0.2062196,-0.19507915,0.25828674,-5.66052276381782,-0.048953675,-0.3040023,-0.01844824834593895
1.0400000000000007,-3.1102338,-8.721939,-5.193574260185846,-0.9995083,-0.03135373,-0.19086884,0.15658104,2.213782107510408,0.2519026,1.5643152,-0.01844824834593895
1.0600000000000007,2.9979537,-8.756674,-11.396158299294875,-0.9897016,0.14314558,-0.18742977,0.18444635,6.8539796883972555,0.5373436,3.3369038,-0.01844824834593895
1.0800000000000007,2.8213642,-8.876302,-9.420162601246192,-0.9491635,0.31478345,-0.18269399,0.2879236,7.963115311915103,0.7443252,4.6222596,-0.01844824834593895
1.1000000000000008,2.6427808,-8.949322,-1.9650849128550634,-0.87815154,0.47838253,-0.17571014,0.4099142,6.5236111194369135,0.85274035,5.2955174,-0.01844824834593895
1.1200000000000008,2.463968,-8.893764,5.689657057002208,-0.7790641,0.62694424,-0.166507,0.5101545,4.695044694880162,0.9099781,5.650964,-0.01844824834593895
1.1400000000000008,2.287496,-8.711928,12.829936378303383,-0.6568999,0.7539777,-0.15557666,0.5831247,2.4521478695980923,0.90216213,5.602427,-0.01844824834593895
1.1600000000000008,2.115786,-8.416073,18.140923518763255,-0.5184093,0.8551326,-0.14352988,0.62212735,0.29196965367742317,0.8436659,5.2391653,-0.01844824834593895
1.1800000000000008,1.9508184,-8.0373745,22.732569815010123,-0.37094098,0.92865646,-0.13103619,0.6278847,-3.366749212448891,0.65848774,4.089209,-0.01844824834593895
1.2000000000000008,1.7941134,-7.5913367,23.98998138610771,-0.22146554,0.9751682,-0.119007014,0.57461715,-6.224586620746967,0.43909502,2.7267802,-0.01844824834593895
1.2200000000000009,1.646492,-7.1313486,22.96823676388048,-0.075623415,0.9971365,-0.10850113,0.47434273,-9.2413407108541,0.15764995,0.9790062,-0.01844824834593895
1.2400000000000009,1.5078639,-6.6957,19.6020318473945,0.06289092,0.9980204,-0.10048962,0.32349917,-13.590691169151027,-0.24309805,-1.5096389,-0.01844824834593895
1.260000000000001,1.3773474,-6.326329,14.925391607861416,0.19224468,0.981347,-0.096203454,0.09913642,-14.777745679757288,-0.55240977,-3.4304647,-0.01844824834593895
1.280000000000001,1.2534398,-6.039099,12.936656414715042,0.3120562,0.95006365,-0.09660101,-0.14582263,-11.04400017895769,-0.6279329,-3.8994634,-0.01844824834593895
1.300000000000001,1.1349814,-5.7807755,10.81024780024052,0.4221493,0.9065263,-0.10129346,-0.32835975,-9.46444592976668,-0.7471694,-4.6399217,-0.01844824834593895
1.320000000000001,1.021343,-5.558636,12.586540146341703,0.5222211,0.85281014,-0.10938171,-0.48461676,-5.068058089489517,-0.69874674,-4.339217,-0.01844824834593895
1.340000000000001,0.91245276,-5.3039784,15.439290548788124,0.6118074,0.79100674,-0.11988211,-0.56714636,-1.1801225497608738,-0.6038249,-3.7497528,-0.061439874367546256
1.360000000000001,0.80912143,-5.0012145,21.601125937698296,0.69013447,0.72368115,-0.1314038,-0.58470815,4.031736979279548,-0.38230646,-2.374123,-0.061439874367546256
1.380000000000001,0.71284515,-4.5953455,21.68278541980164,0.75650424,0.6539888,-0.14243476,-0.5154582,4.6393124586709735,-0.29660103,-1.8418924,-0.061439874367546256
1.400000000000001,0.62466544,-4.194245,27.451567946662646,0.81115884,0.58482593,-0.15198663,-0.43679917,8.447705054754879,-0.047861867,-0.2972222,-0.061439874367546256
1.420000000000001,0.54541826,-3.70094,30.62721487949016,0.8549104,0.5187757,-0.1593544,-0.2954572,10.493503052408013,0.18122967,1.1254362,-0.061439874367546256
1.440000000000001,0.476518,-3.1604292,30.64944338494661,0.8885974,0.45868787,-0.16357039,-0.1209945,10.779430604294436,0.3640468,2.2607307,-0.061439874367546256
1.460000000000001,0.41839853,-2.6253014,33.616044355324235,0.91374075,0.40629765,-0.16425554,0.057440136,12.54996682531356,0.6220358,3.8628423,-0.061439874367546256
1.480000000000001,0.37143442,-2.0453148,33.09091087708013,0.9318077,0.3629524,-0.16109101,0.26451376,12.512317138845015,0.82764876,5.139699,-0.061439874367546256
1.500000000000001,0.33596528,-1.4774592,24.753077241547125,0.9440925,0.32968062,-0.15379387,0.47049463,8.634090223401566,0.8584165,5.3307667,-0.061439874367546256
1.5200000000000011,0.31050077,-1.049417,17.767088159745317,0.9521807,0.3055355,-0.14300066,0.612379,5.434992509200128,0.8567589,5.3204727,-0.061439874367546256
1.5400000000000011,0.29246986,-0.7375114,11.840573287558124,0.9575347,0.28831807,-0.12988299,0.7015761,2.7334782147241095,0.82486135,5.122389,-0.061439874367546256
1.5600000000000012,0.27972406,-0.5236036,2.485405393468692,0.96113163,0.27609044,-0.11541421,0.7463755,-1.634227790075452,0.67217803,4.174226,-0.061439874367546256
1.5800000000000012,0.26975575,-0.46379918,6.315162420818449,0.963836,0.26649603,-0.100748785,0.7194717,0.3000127623544687,0.73316485,4.5529537,-0.061439874367546256
1.6000000000000012,0.26159438,-0.34149978,1.9328291866871798,0.96597886,0.25862104,-0.08631168,0.7243306,-1.7094874517694818,0.6471475,4.018786,-0.061439874367546256
1.6200000000000012,0.25517622,-0.2913635,1.740589624164345,0.9676188,0.25241593,-0.07209901,0.69622684,-1.7344824189623769,0.61766124,3.8356762,-0.061439874367546256
1.6400000000000012,0.24972847,-0.24465147,-0.07227949497584789,0.96897954,0.24714087,-0.058452338,0.66772354,-2.540116045967538,0.55227184,3.429608,-0.061439874367546256
1.6600000000000013,0.24492343,-0.2279326,-1.2383704755917215,0.9701559,0.24248204,-0.045504633,0.6260118,-3.043580601567875,0.48711103,3.0249596,-0.061439874367546256
1.6800000000000013,0.24026448,-0.23065208,0.6667820470334397,0.9712751,0.23795952,-0.033471707,0.5760454,-2.090513324725896,0.4796336,2.9785247,-0.061439874367546256
1.7000000000000013,0.23585424,-0.20242703,3.2294205304832135,0.9723151,0.23367366,-0.022285562,0.54171646,-0.8300387280797611,0.50202435,3.1175714,-0.061439874367546256
1.7200000000000013,0.23241764,-0.132321,0.2713214256665525,0.9731124,0.23033084,-0.011584239,0.528071,-2.195467678793347,0.4263349,2.6475396,-0.061439874367546256
1.7400000000000013,0.2299097,-0.1107583,-3.158169992633,0.973687,0.2278896,-0.0013742554,0.4920423,-3.792387828676946,0.31727,1.9702468,-0.061439874367546256
1.7600000000000013,0.2272835,-0.14560169,-7.719810103507686,0.9742821,0.22533171,0.007859645,0.42982653,-5.9224823877055455,0.15732522,0.9769896,-0.061439874367546256
1.7800000000000014,0.22322822,-0.2557021,-6.117694525729961,0.9751879,0.2213789,0.015508334,0.33266607,-5.121766815722244,0.09472797,0.5882607,-0.061439874367546256
1.8000000000000014,0.21722312,-0.34027663,-4.613158428622756,0.9764997,0.21551883,0.02134182,0.24861653,-4.347249898152025,0.04444158,0.27598223,-0.061439874367546256
1.8200000000000014,0.20976305,-0.4009458,-3.024520215278092,0.9780803,0.20822816,0.02561817,0.1772565,-3.519498284310477,0.00958616,0.059530053,-0.061439874367546256
1.8400000000000014,0.20133953,-0.43632597,-4.583150740462191,0.97979957,0.19998197,0.028599735,0.11946494,-4.164362272810344,-0.07808079,-0.4848817,-0.061439874367546256
1.8600000000000014,0.19195457,-0.49808335,-6.37457634502385,0.98163325,0.19077793,0.030322265,0.051093623,-4.906512670787482,-0.18085319,-1.1230983,-0.061439874367546256
1.8800000000000014,0.18104233,-0.59022874,-3.4291013049555152,0.9836565,0.18005496,0.030558571,-0.029457206,-3.4109174429002023,-0.19468343,-1.2089841,-0.061439874367546256
1.9000000000000015,0.16875225,-0.63518757,-5.78276779503187,0.9857951,0.16795246,0.029423093,-0.08549467,-4.384022508693772,-0.29511368,-1.832656,-0.061439874367546256
1.9200000000000015,0.15518007,-0.7199127,-1.593950130070645,0.9879837,0.154558,0.02701115,-0.1574927,-2.2887361541912252,-0.27304313,-1.6955978,-0.061439874367546256
1.9400000000000015,0.14057651,-0.7372044,1.0443092256188649,0.9901354,0.14011396,0.023494406,-0.19514778,-0.9129979942135201,-0.24848884,-1.5431157,-0.061439874367546256
1.9600000000000015,0.12604299,-0.71234494,2.5024785537916596,0.9920671,0.12570952,0.019444635,-0.21025094,-0.09107172035383823,-0.22599396,-1.4034225,-0.061439874367546256
1.9800000000000015,0.11223449,-0.66455317,2.9343476572749077,0.9937083,0.111999005,0.0152242975,-0.21187818,0.24540997395067493,-0.21171741,-1.3147651,-0.061439874367546256
2.0000000000000013,0.0994461,-0.610538,0.7267362419304073,0.9950593,0.09928227,0.011025273,-0.20798415,-0.6511551412844568,-0.24747589,-1.5368253,-0.061439874367546256
2.019999999999999,0.08738049,-0.5935076,2.628480541529409,0.99618477,0.087269336,0.0067607868,-0.21877302,0.3478711195253086,-0.2127551,-1.3212092,-0.061439874367546256
2.039999999999997,0.075955,-0.54613405,6.132994236671924,0.9971168,0.075881995,0.0024403045,-0.21319044,2.079936678024189,-0.12833735,-0.79697496,-0.061439874367546256
2.0599999999999947,0.06603378,-0.44196707,7.370760530954132,0.99782056,0.0659858,-0.0014915074,-0.17922401,2.7489322670779455,-0.06296608,-0.39101934,-0.061439874367546256
2.0799999999999925,0.05839188,-0.3178488,1.9759148804226783,0.99829566,0.058358703,-0.0046369224,-0.1342813,0.33401323244784464,-0.1254836,-0.7792532,-0.061439874367546256
2.0999999999999903,0.052368853,-0.28227475,2.8803183582706477,0.9986291,0.05234492,-0.0072695,-0.12887423,0.8108476846117211,-0.098128095,-0.6093755,-0.061439874367546256
2.119999999999988,0.04720017,-0.23218961,-1.5623144934392152,0.9988863,0.047182646,-0.009717656,-0.11564979,-1.1875292571391796,-0.17436524,-1.0828081,-0.061439874367546256
2.139999999999986,0.04232153,-0.2551327,-1.1776315237126112,0.99910456,0.042308897,-0.012220791,-0.13514826,-0.9623159808540175,-0.1838374,-1.1416303,-0.061439874367546256
2.1599999999999837,0.037042953,-0.27224004,-0.7495706180744048,0.999314,0.03703448,-0.015077913,-0.15096252,-0.7131856686440515,-0.18844837,-1.1702644,-0.061439874367546256
2.1799999999999815,0.031488057,-0.28280717,-0.009613818177543254,0.99950427,0.031482853,-0.018211506,-0.1626997,-0.31754934527088247,-0.18228194,-1.1319709,-0.061439874367546256
2.1999999999999793,0.025837552,-0.28171536,0.5551198574467395,0.9996662,0.025834678,-0.021516595,-0.16795896,-0.00171990425235903,-0.17309257,-1.0749049,-0.061439874367546256
2.219999999999977,0.020296806,-0.27179673,1.3596432509227054,0.999794,0.020295413,-0.024876375,-0.16804521,0.4236036547614444,-0.15369658,-0.9544558,-0.061439874367546256
2.239999999999975,0.015080945,-0.24907576,2.4518655897233703,0.9998863,0.015080373,-0.028169863,-0.16116343,0.9784502823490718,-0.12137129,-0.75371575,-0.061439874367546256
2.2599999999999727,0.010492449,-0.20875865,1.7276081410111246,0.9999449,0.010492256,-0.031236982,-0.14518975,0.6902110597855794,-0.117774755,-0.73138124,-0.061439874367546256
2.2799999999999705,0.0065933964,-0.18050048,1.8862844957869933,0.99997824,0.0065933485,-0.034030665,-0.13392875,0.8019732842032191,-0.10101279,-0.6272894,-0.061439874367546256
2.2999999999999683,0.0032838425,-0.14982462,1.8717161388958488,0.99999464,0.0032838366,-0.036581226,-0.120831564,0.8281593260647147,-0.08626489,-0.535705,-0.061439874367546256
2.319999999999966,0.00058474095,-0.119515255,1.6819964807350296,0.9999998,0.0005847409,-0.038865626,-0.10729921,0.7676449983542631,-0.07501357,-0.4658343,-0.061439874367546256
2.339999999999964,-0.0015389945,-0.09239775,2.398048917957477,0.9999988,-0.0015389939,-0.040889017,-0.09475171,1.1188554309846066,-0.046256576,-0.28725335,-0.061439874367546256
2.3599999999999617,-0.0030061726,-0.053593658,1.9705632883981512,0.99999547,-0.0030061682,-0.042605277,-0.07644648,0.9368162733939011,-0.0356778,-0.22155915,-0.061439874367546256
2.3799999999999595,-0.0037653951,-0.021748139,0.8168048948317792,0.9999929,-0.0037653863,-0.043984495,-0.06111459,0.41303588004022485,-0.043569855,-0.27056882,-0.061439874367546256
2.3999999999999573,-0.0040718317,-0.008740499,0.5455504819284431,0.9999917,-0.0040718205,-0.045140777,-0.05435452,0.291227658824341,-0.04213564,-0.26166233,-0.061439874367546256
2.419999999999955,-0.004161336,-0.00014858904,0.10790517642052731,0.99999136,-0.004161324,-0.046181317,-0.049586695,0.09054751288679179,-0.046301153,-0.28753015,-0.061439874367546256
2.439999999999953,-0.004148837,0.0012984612,-0.5348742145769122,0.9999914,-0.004148825,-0.04715858,-0.04810382,-0.2057707746195391,-0.05813481,-0.36101717,-0.061439874367546256
2.4599999999999507,-0.0042101545,-0.007783825,-0.5636254789410573,0.9999911,-0.004210142,-0.048153557,-0.05147373,-0.218551120298678,-0.06214811,-0.38593975,-0.061439874367546256
2.4799999999999485,-0.004457943,-0.01738001,-0.9028124461631627,0.99999005,-0.0044579282,-0.049217984,-0.055054866,-0.3725703915867159,-0.0727279,-0.45164028,-0.061439874367546256
2.4999999999999463,-0.0049522202,-0.03259524,-0.25835554816755874,0.9999877,-0.0049522,-0.05037866,-0.061160523,-0.07095288942202259,-0.06534795,-0.40581074,-0.061439874367546256
2.519999999999944,-0.0056482907,-0.037348267,-0.19609888365906686,0.999984,-0.005648261,-0.05161325,-0.06232949,-0.03550343636429897,-0.06490407,-0.4030543,-0.061439874367546256
2.539999999999942,-0.0064298706,-0.041154332,0.033964693659413944,0.9999793,-0.0064298264,-0.052865557,-0.06291887,0.07813149736616246,-0.060341664,-0.37472174,-0.061439874367546256
2.5599999999999397,-0.007251199,-0.041265436,0.10683249372659376,0.9999737,-0.0072511355,-0.05411148,-0.061647955,0.11976836867109922,-0.057120334,-0.35471728,-0.061439874367546256
2.5799999999999375,-0.00806345,-0.040245928,0.48448303265361675,0.9999675,-0.008063363,-0.055325337,-0.05969515,0.30179177086329406,-0.04687985,-0.29112387,-0.061439874367546256
2.5999999999999353,-0.008795243,-0.03309448,0.25989332559702066,0.9999613,-0.008795129,-0.05647104,-0.05476097,0.20557417000067343,-0.046132557,-0.28648317,-0.061439874367546256
2.619999999999933,-0.009420076,-0.029651087,0.5549399071080218,0.99995565,-0.009419937,-0.057533428,-0.051401157,0.3477284056417423,-0.036262225,-0.22518842,-0.061439874367546256
2.639999999999931,-0.009929049,-0.021405183,0.5553491619197191,0.9999507,-0.009928886,-0.05850589,-0.04571243,0.3530317514848784,-0.030184805,-0.18744764,-0.061439874367546256
2.6599999999999286,-0.010273072,-0.013157424,0.4192821162812539,0.99994725,-0.010272891,-0.05936372,-0.03993513,0.29382031366402805,-0.026932634,-0.16725166,-0.061439874367546256
2.6799999999999264,-0.010473863,-0.0071321814,0.022475718481484153,0.99994516,-0.010473671,-0.060115468,-0.035125874,0.11300670419847933,-0.030154767,-0.1872611,0.02318535268839348
2.6999999999999242,-0.010617559,-0.007601684,-6.123484191317106,0.9999436,-0.01061736,-0.060799927,-0.03327673,-2.7180133157970565,-0.15577678,-0.96737385,0.02318535268839348
2.719999999999922,-0.011753586,-0.10882753,-3.7905148293769297,0.9999309,-0.011753315,-0.06190003,-0.077794105,-1.6331918621729156,-0.1523048,-0.9458128,0.02318535268839348
2.73999999999992,-0.014543778,-0.17232084,-1.0426313773413591,0.99989426,-0.014543265,-0.06371714,-0.10456533,-0.3403530781142701,-0.12124483,-0.7529304,0.02318535268839348
2.7599999999999176,-0.018167006,-0.19125196,0.8470185911740666,0.99983495,-0.018166007,-0.06586306,-0.11017578,0.5658536977589689,-0.08594231,-0.5337018,0.02318535268839348
2.7799999999999154,-0.021868642,-0.17956772,1.1752368203682877,0.99976087,-0.021866899,-0.067976326,-0.100948505,0.7536701841019311,-0.067842335,-0.4213009,0.02318535268839348
2.7999999999999132,-0.02528543,-0.16274042,1.5550470771909748,0.99968034,-0.025282737,-0.06987502,-0.08864279,0.9625810944386669,-0.045665,-0.28357965,0.02318535268839348
2.819999999999911,-0.028306022,-0.13988088,1.9753868160767087,0.9995994,-0.028302243,-0.071494155,-0.07291203,1.1864092084393547,-0.019341154,-0.12010857,0.02318535268839348
2.839999999999909,-0.030802986,-0.11026878,2.4802959980183323,0.9995256,-0.030798115,-0.07276287,-0.053510595,1.4442133787673037,0.012231006,0.07595455,0.02318535268839348
2.8599999999999066,-0.032627366,-0.072449006,2.240860989988035,0.9994678,-0.032621577,-0.07360231,-0.029880552,1.352346802347341,0.03232934,0.20076519,0.02318535268839348
2.8799999999999044,-0.033733577,-0.038536243,2.503791358925981,0.9994311,-0.03372718,-0.07398379,-0.0077471067,1.4849783764545992,0.060969997,0.3786237,0.02318535268839348
2.899999999999902,-0.0341192,-0.0002566859,2.5115936788184876,0.999418,-0.03411258,-0.07390135,0.016565818,1.4929356986205893,0.08617674,0.53515756,0.02318535268839348
2.9199999999999,-0.033737287,0.038281456,1.396039052895931,0.99943095,-0.033730887,-0.07333134,0.04101718,0.9753533758651288,0.08780375,0.5452613,0.02318535268839348
2.939999999999898,-0.03276199,0.05872352,0.7443081002143167,0.9994634,-0.03275613,-0.072355025,0.056999415,0.6655512256123817,0.09010819,0.55957186,0.02318535268839348
2.9599999999998956,-0.03148121,0.06864253,0.3825220404344736,0.9995045,-0.03147601,-0.07110856,0.06791182,0.486298256621603,0.09309911,0.5781455,0.02318535268839348
2.9799999999998934,-0.030059133,0.07277101,0.12841551710231283,0.99954826,-0.030054606,-0.069672495,0.07589039,0.3552331398033095,0.09525696,0.59154576,0.02318535268839348
2.999999999999891,-0.028594427,0.072860874,0.5072455292428761,0.99959123,-0.02859053,-0.0680978,0.08172319,0.5154995945910548,0.10834519,0.6728236,0.02318535268839348
3.019999999999889,-0.027066704,0.07927406,-0.46138910649439485,0.9996337,-0.0270634,-0.06638084,0.09018094,0.05404167997614007,0.096103124,0.5968004,0.02318535268839348
3.039999999999887,-0.025564836,0.069953375,-0.008627082591441827,0.99967325,-0.025562052,-0.06456849,0.09108209,0.24788689424910706,0.10566612,0.65618664,0.02318535268839348
3.0599999999998846,-0.02417654,0.06813153,0.30619265553787645,0.99970776,-0.024174185,-0.06270714,0.0951562,0.3793547207308313,0.11566574,0.71828425,0.02318535268839348
3.0799999999998824,-0.022773776,0.07156983,0.2035958497856376,0.99974066,-0.022771807,-0.06074328,0.10138317,0.3183390784982882,0.119192176,0.7401834,0.02318535268839348
3.09999999999988,-0.021317977,0.07344884,0.16746411413871853,0.9997728,-0.021316363,-0.058664635,0.10661154,0.2874205360917107,0.12305164,0.76415074,0.02318535268839348
3.119999999999878,-0.019829713,0.07485568,0.04091632914837688,0.9998034,-0.019828413,-0.056486364,0.11133393,0.21450363556629115,0.1245008,0.77314997,0.02318535268839348
3.139999999999876,-0.018332876,0.07430877,-0.26205330656058956,0.999832,-0.01833185,-0.054225303,0.11486238,0.06016382804285375,0.121062756,0.7517997,0.02318535268839348
3.1599999999998736,-0.0168948,0.06890869,0.07255530404135967,0.9998573,-0.016893998,-0.051918358,0.11586294,0.20019718975041523,0.12830688,0.7967857,0.02318535268839348
3.1799999999998714,-0.015510722,0.069081984,-0.2930374947756348,0.9998797,-0.0155101,-0.049569014,0.1191559,0.018119937439322303,0.12338578,0.7662257,0.02318535268839348
3.199999999999869,-0.01418105,0.06336992,-0.722324276670939,0.99989945,-0.014180575,-0.04718292,0.11946683,-0.19285705421743563,0.11412128,0.70869315,0.02318535268839348
3.219999999999867,-0.013033829,0.050699733,-0.04869779714791867,0.99991506,-0.01303346,-0.044824347,0.11632117,0.10616336470880146,0.12431016,0.7719661,0.02318535268839348
3.2399999999998648,-0.012032074,0.04910734,-0.3441108503495336,0.99992764,-0.012031783,-0.0424809,0.11807028,-0.039834343297131564,0.11946053,0.7418499,0.02318535268839348
3.2599999999998626,-0.011109016,0.04274317,0.3619604710863814,0.9999383,-0.011108788,-0.04012581,0.11742792,0.2764196236946282,0.13299496,0.8258987,0.02318535268839348
3.2799999999998604,-0.010200072,0.047997575,0.16046685285964346,0.99994797,-0.010199895,-0.037733007,0.12196387,0.17471689615862698,0.13299175,0.82587874,0.02318535268839348
3.299999999999858,-0.009217757,0.050041154,0.0948727401294151,0.9999575,-0.009217626,-0.03526574,0.124835245,0.13487925601095294,0.13407113,0.8325817,0.02318535268839348
3.319999999999856,-0.008204593,0.051093828,0.6195606713131857,0.9999663,-0.008204501,-0.032747414,0.1270546,0.3667561284515137,0.14672178,0.9111423,0.02318535268839348
3.3399999999998538,-0.0070860097,0.06082973,0.46955981462755547,0.9999749,-0.0070859506,-0.030147625,0.13307188,0.28679425384027996,0.14919823,0.92652106,0.02318535268839348
3.3599999999998515,-0.0057960004,0.068233736,0.7800062375481783,0.9999832,-0.0057959678,-0.027440261,0.1377816,0.41731113080215987,0.15981004,0.9924203,0.02318535268839348
3.3799999999998493,-0.0043075457,0.08085697,0.9776602729713577,0.9999907,-0.004307532,-0.024617832,0.1446305,0.4939763910170808,0.17016892,1.056749,0.02318535268839348
3.399999999999847,-0.0025340975,0.09688765,0.8280684906340441,0.9999968,-0.0025340947,-0.02164615,0.15273768,0.40787204891423745,0.17446437,1.0834237,0.02318535268839348
3.419999999999845,-0.00046284142,0.1106699,0.5760244214203258,0.9999999,-0.0004628414,-0.018526074,0.15943801,0.2716019851932784,0.17504625,1.0870372,0.02318535268839348
3.4399999999998427,0.0018449469,0.12053797,1.198541152932646,0.9999983,0.0018449458,-0.01529376,0.16390944,0.5359835367512031,0.19138473,1.1884992,0.02318535268839348
3.4599999999998405,0.004450859,0.14082938,0.9779590020797935,0.9999901,0.004450844,-0.011929737,0.17271294,0.40906641515541253,0.19450435,1.207872,0.02318535268839348
3.4799999999998383,0.0074288934,0.15779068,-0.16924094458669095,0.9999724,0.007428825,-0.008409914,0.17944211,-0.14857694074789246,0.17608297,1.0934752,0.02318535268839348
3.499999999999836,0.010564347,0.156248,0.1839276119397506,0.9999442,0.01056415,-0.0048446427,0.17704183,-0.01660190836955958,0.17939238,1.1140267,0.02318535268839348
3.519999999999834,0.013726733,0.16072978,-0.1883931587064094,0.99990577,0.0137263015,-0.001306279,0.17680272,-0.21915496333050663,0.16983898,1.0547,0.02318535268839348
3.5399999999998317,0.016920667,0.15937136,-1.5006579793654886,0.9998568,0.01691986,0.0021949238,0.17324722,-0.8553407459613106,0.13736443,0.8530331,0.02318535268839348
3.5599999999998295,0.019878916,0.13674386,-1.72319464796786,0.9998024,0.019877607,0.0055233007,0.15927207,-0.9873104072718498,0.116975345,0.7264169,0.02318535268839348
3.5799999999998273,0.022349792,0.110602416,-2.1734563906275106,0.99975026,0.02234793,0.008551049,0.14313081,-1.2195297512833136,0.08988716,0.5581992,0.02318535268839348
3.599999999999825,0.024226306,0.077161826,-2.189412246930014,0.99970657,0.024223937,0.011218814,0.12318076,-1.2458339117669268,0.06822024,0.4236477,0.02318535268839348
3.619999999999823,0.025431512,0.043464523,-2.1555310151554212,0.99967664,0.02542877,0.013483333,0.10279289,-1.2425662233610597,0.047478214,0.2948397,0.02318535268839348
3.6399999999998207,0.02596795,0.010274555,-2.260848855366285,0.9996629,0.025965031,0.015340578,0.082451425,-1.2968792401709286,0.024229521,0.15046532,0.02318535268839348
3.6599999999998185,0.02582323,-0.024739312,-1.7450574977265096,0.9996666,0.02582036,0.016782273,0.061213415,-1.0581912255507697,0.013304533,0.08262115,0.02318535268839348
3.6799999999998163,0.025059877,-0.051455807,-1.895488361919756,0.999686,0.025057254,0.017837323,0.043877337,-1.120416403431896,-0.007154513,-0.044429526,0.02318535268839348
3.699999999999814,0.023737213,-0.08080877,-0.5258967999667888,0.9997183,0.023734983,0.018535677,0.0255165,-0.47650095021427596,0.0031819884,0.019760149,0.02318535268839348
3.719999999999812,0.022045298,-0.08793533,-0.2964838747793363,0.999757,0.022043511,0.018969731,0.017695777,-0.3542420320118247,0.0008039496,0.004992527,0.02318535268839348
3.7399999999998097,0.020246655,-0.091461465,-0.25608613850980794,0.999795,0.02024527,0.01926691,0.011875945,-0.31801507531421935,-0.0034001742,-0.021115081,0.02318535268839348
3.7599999999998075,0.0183831,-0.09447882,0.037423842787128105,0.999831,0.018382065,0.01945348,0.0066486876,-0.16448434804104076,-0.0017115888,-0.010628967,0.02318535268839348
3.7799999999998053,0.016505277,-0.09284119,0.4656092229260298,0.9998638,0.016504528,0.019560048,0.003935335,0.05131500690640369,0.0053494503,0.033220086,0.02318535268839348
3.799999999999803,0.014727913,-0.08432267,0.5982031551603971,0.9998915,0.01472738,0.019646855,0.004756695,0.12998358920318445,0.009836801,0.061086535,0.02318535268839348
3.819999999999801,0.013141552,-0.07373226,0.5831710678631965,0.99991363,0.013141174,0.019762676,0.00686824,0.1387689601909331,0.012482474,0.07751616,0.02318535268839348
3.8399999999997987,0.011764154,-0.06346649,0.3645034896482524,0.9999308,0.011763883,0.019922147,0.009125848,0.05165182534903303,0.010945197,0.06796967,0.02318535268839348
3.8599999999997965,0.010556738,-0.05684861,-0.026416692681593013,0.99994427,0.010556541,0.020112848,0.009958757,-0.11656699187220691,0.0042900564,0.02664125,0.02318535268839348
3.8799999999997943,0.009418795,-0.05670425,0.5266728276302916,0.99995565,0.009418655,0.020293323,0.008037927,0.14949299382106668,0.014380209,0.0893011,0.02318535268839348
3.899999999999792,0.008371708,-0.047580864,0.7086963962584618,0.99996495,0.00837161,0.020477919,0.01047465,0.24378169432393748,0.021177402,0.13151166,0.02318535268839348
3.91999999999979,0.0075359507,-0.03551651,0.6729701482800637,0.9999716,0.0075358795,0.020726332,0.01445752,0.23569004528504026,0.024929404,0.1548116,0.02318535268839348
3.9399999999997877,0.0069356784,-0.02405195,0.6377958784731563,0.9999759,0.006935623,0.021053128,0.018310366,0.22553463260906154,0.028441805,0.17662361,0.02318535268839348
3.9599999999997855,0.0065590716,-0.013162461,0.5609501125595401,0.9999785,0.0065590246,0.021455366,0.02199927,0.19397315207966073,0.03080943,0.19132656,0.02318535268839348
3.9799999999997833,0.006388047,-0.0035162538,-0.06484506388751059,0.9999796,0.0063880035,0.021926349,0.025173528,-0.09260213564887425,0.021152893,0.13135947,0.02318535268839348
3.999999999999781,0.0063100103,-0.004100941,0.0044761755510833445,0.9999801,0.0063099684,0.022415012,0.02365627,-0.05989888339728173,0.021081464,0.1309159,0.02318535268839348
